      1                          2                      3                                4     NS=2                  *                      5                           6         
  alltasks+onetask             alltasks           alltasks+ random/min Res           alltasks+ random/min Res+                        4>NS=3   results worse                
                                                                                      smell adjust operations random two(add) and neighbourhood                  
                                                                                      (有部分结果同最优结果比优，同时波动大 时间长
   22 33 41   24 31 41       24 30 47  24 34 51    21 30 39  24 31 45  22 30 41      19 30 43  19 28 38  22 27 40                      19 28 40  19 28 40
   36 46 64   35 45 60       36 45 69  35 43 58    36 45 62  32 41 58  31 42 53      32 42 55  30 39 54  32 40 54                      34 39 57  36 45 63
   41 53 75   38 51 72       36 47 69  38 50 65    37 47 64  31 42 62  32 45 61      31 42 57  35 46 61  34 45 64                      31 41 54  33 43 58
   26 37 53   31 40 62       27 37 55  30 38 57    23 32 47  23 33 46  23 32 51      24 31 45  21 31 43  21 31 43                      23 31 47  22 31 49
   52 68 89   47 64 94       49 69 96  47 67 91    39 52 80  45 57 78  40 55 79      41 55 80  36 52 76  36 52 76                      40 52 80  40 52 80
   
                                                                                       4 NS>1            4 NE7>10               4 max>rolette   
                                                                                       21 28 38          21 28 35  20 27 44    20 29 43
                                                                                       31 38 56          31 40 52  31 40 52    31 40 57
                                                                                       32 45 65          31 41 56  31 41 56    31 41 60
																					   24 34 45          21 30 49  20 29 47    26 34 49
																					   39 54 73          38 54 76  39 53 79    45 55 75
																					   
																					   4 +add rolette     4+left scheme *
																					   20 28 40           22 30 41
																					   33 43 56           31 43 54
																					   31 43 62           29 41 58  
																					   25 32 49           23 31 43
																					   42 53 81           40 53 82