MK1
njobs 10
nmac 6
nworker 4
sumop 59
meq 3
jobID  ops
1 7
2 6
3 6
4 6
5 5
6 5
7 7
8 5
9 6
10 6
TASK
TASKID    CapableMachine  Predecessors
1 [2, 2, 2]
2 [1, 4, 3] 1
3 [6, 4, 3] 1 2
4 [6, 3, 2] 1 2 3
5 [3, 1, 4] 1 2 3 4
6 [5, 1, 4] 1 2 3 4 5
7 [4, 6, 1] 1 2 3 4 5 6
8 [2, 4, 4]
9 [5, 2, 4] 8
10 [1, 1, 4] 8 9
11 [3, 2, 3] 8 9 10
12 [1, 4, 6] 8 9 10 11
13 [5, 6, 2] 8 9 10 11 12
14 [5, 2, 6]
15 [3, 3, 2] 14
16 [1, 3, 6] 14 15
17 [4, 6, 3] 14 15 16
18 [5, 5, 3] 14 15 16 17
19 [4, 2, 3] 14 15 16 17 18
20 [4, 4, 3]
21 [6, 3, 3] 20
22 [6, 3, 4] 20 21
23 [5, 5, 1] 20 21 22
24 [2, 1, 5] 20 21 22 23
25 [2, 4, 6] 20 21 22 23 24
26 [5, 1, 2]
27 [2, 6, 3] 26
28 [4, 4, 2] 26 27
29 [6, 4, 6] 26 27 28
30 [5, 6, 5] 26 27 28 29
31 [5, 6, 5]
32 [4, 3, 4] 31
33 [6, 1, 3] 31 32
34 [5, 5, 3] 31 32 33
35 [5, 6, 1] 31 32 33 34
36 [6, 4, 5]
37 [5, 1, 1] 36
38 [4, 1, 2] 36 37
39 [1, 3, 2] 36 37 38
40 [4, 1, 3] 36 37 38 39
41 [2, 2, 6] 36 37 38 39 40
42 [5, 3, 2] 36 37 38 39 40 41
43 [1, 2, 1]
44 [2, 3, 3] 43
45 [4, 4, 6] 43 44
46 [5, 6, 2] 43 44 45
47 [5, 5, 1] 43 44 45 46
48 [4, 1, 3]
49 [5, 1, 2] 48
50 [4, 5, 2] 48 49
51 [4, 2, 3] 48 49 50
52 [6, 2, 4] 48 49 50 51
53 [3, 3, 3] 48 49 50 51 52
54 [6, 2, 6]
55 [1, 6, 5] 54
56 [5, 1, 4] 54 55
57 [2, 2, 3] 54 55 56
58 [1, 4, 1] 54 55 56 57
59 [1, 5, 6] 54 55 56 57 58
Resource
resourceID  MachineID  WorkerID  exits
1 1 1 1
2 1 2 0
3 1 3 1
4 1 4 0
5 2 1 0
6 2 2 1
7 2 3 0
8 2 4 1
9 3 1 1
10 3 2 0
11 3 3 0
12 3 4 1
13 4 1 0
14 4 2 1
15 4 3 1
16 4 4 1
17 5 1 1
18 5 2 1
19 5 3 0
20 5 4 0
21 6 1 0
22 6 2 0
23 6 3 1
24 6 4 0
Duration
procTime  4  2  6  6  5  7  2  5  2  1  5  3  4  5  5  5  4  2  3  5  1  5  7  3  5  7  2  5  7  6  6  1  2  2  6  6  7  2  2  4  5  5  1  5  7  5  7  2  1  5  7  1  6  6  6  5  4  4  3  
diata  5  5  6  2  5  6  4  4  4  8  4  4  3  4  6  7  7  8  3  8  5  4  5  4  3  6  2  5  5  4  6  5  5  6  6  7  4  5  8  6  4  2  2  2  6  8  8  6  6  3  2  6  6  8  5  6  7  8  8  
ResID/OpID1  2  3  4  5  6  7  8  9  10  11  12  13  14  15  16  17  18  19  20  21  22  23  24  25  26  27  28  29  30  31  32  33  34  35  36  37  38  39  40  41  42  43  44  45  46  47  48  49  50  51  52  53  54  55  56  57  58  59  
1      -1 3 -1 -1 9 8 4 -1 -1 7 -1 4 -1 -1 -1 11 -1 -1 -1 -1 -1 -1 7 4 -1 12 -1 -1 -1 -1 -1 -1 2 -1 10 -1 7 3 4 4 -1 -1 1 -1 -1 -1 8 2 3 -1 -1 -1 -1 -1 7 8 -1 8 6
2      -1 -1 -1 -1 -1 -1 -1 -1 -1 -1 -1 -1 -1 -1 -1 -1 -1 -1 -1 -1 -1 -1 -1 -1 -1 -1 -1 -1 -1 -1 -1 -1 -1 -1 -1 -1 -1 -1 -1 -1 -1 -1 -1 -1 -1 -1 -1 -1 -1 -1 -1 -1 -1 -1 -1 -1 -1 -1 -1
3      -1 2 -1 -1 8 12 5 -1 -1 8 -1 3 -1 -1 -1 8 -1 -1 -1 -1 -1 -1 8 3 -1 8 -1 -1 -1 -1 -1 -1 2 -1 11 -1 10 6 2 4 -1 -1 2 -1 -1 -1 12 3 5 -1 -1 -1 -1 -1 10 8 -1 11 8
4      -1 -1 -1 -1 -1 -1 -1 -1 -1 -1 -1 -1 -1 -1 -1 -1 -1 -1 -1 -1 -1 -1 -1 -1 -1 -1 -1 -1 -1 -1 -1 -1 -1 -1 -1 -1 -1 -1 -1 -1 -1 -1 -1 -1 -1 -1 -1 -1 -1 -1 -1 -1 -1 -1 -1 -1 -1 -1 -1
5      -1 -1 -1 -1 -1 -1 -1 -1 -1 -1 -1 -1 -1 -1 -1 -1 -1 -1 -1 -1 -1 -1 -1 -1 -1 -1 -1 -1 -1 -1 -1 -1 -1 -1 -1 -1 -1 -1 -1 -1 -1 -1 -1 -1 -1 -1 -1 -1 -1 -1 -1 -1 -1 -1 -1 -1 -1 -1 -1
6      5 -1 -1 6 -1 -1 -1 7 2 -1 7 -1 6 5 9 -1 -1 -1 3 -1 -1 -1 -1 6 5 10 3 6 -1 -1 -1 -1 -1 -1 -1 -1 -1 2 4 -1 5 5 1 5 -1 7 -1 -1 3 7 8 2 -1 10 -1 -1 8 -1 -1
7      -1 -1 -1 -1 -1 -1 -1 -1 -1 -1 -1 -1 -1 -1 -1 -1 -1 -1 -1 -1 -1 -1 -1 -1 -1 -1 -1 -1 -1 -1 -1 -1 -1 -1 -1 -1 -1 -1 -1 -1 -1 -1 -1 -1 -1 -1 -1 -1 -1 -1 -1 -1 -1 -1 -1 -1 -1 -1 -1
8      7 -1 -1 6 -1 -1 -1 8 4 -1 6 -1 6 6 8 -1 -1 -1 5 -1 -1 -1 -1 5 7 9 3 6 -1 -1 -1 -1 -1 -1 -1 -1 -1 5 7 -1 8 5 2 5 -1 7 -1 -1 5 5 7 1 -1 8 -1 -1 7 -1 -1
9      -1 6 6 7 5 -1 -1 -1 -1 -1 6 -1 -1 -1 10 11 9 7 4 6 5 5 -1 -1 -1 -1 3 -1 -1 -1 -1 2 6 3 -1 -1 -1 -1 6 4 -1 6 -1 5 -1 -1 -1 4 -1 -1 7 -1 9 -1 -1 -1 9 -1 -1
10      -1 -1 -1 -1 -1 -1 -1 -1 -1 -1 -1 -1 -1 -1 -1 -1 -1 -1 -1 -1 -1 -1 -1 -1 -1 -1 -1 -1 -1 -1 -1 -1 -1 -1 -1 -1 -1 -1 -1 -1 -1 -1 -1 -1 -1 -1 -1 -1 -1 -1 -1 -1 -1 -1 -1 -1 -1 -1 -1
11      -1 -1 -1 -1 -1 -1 -1 -1 -1 -1 -1 -1 -1 -1 -1 -1 -1 -1 -1 -1 -1 -1 -1 -1 -1 -1 -1 -1 -1 -1 -1 -1 -1 -1 -1 -1 -1 -1 -1 -1 -1 -1 -1 -1 -1 -1 -1 -1 -1 -1 -1 -1 -1 -1 -1 -1 -1 -1 -1
12      -1 3 6 6 8 -1 -1 -1 -1 -1 8 -1 -1 -1 8 6 8 2 3 5 5 8 -1 -1 -1 -1 3 -1 -1 -1 -1 3 5 2 -1 -1 -1 -1 7 5 -1 5 -1 6 -1 -1 -1 6 -1 -1 7 -1 11 -1 -1 -1 6 -1 -1
13      -1 -1 -1 -1 -1 -1 -1 -1 -1 -1 -1 -1 -1 -1 -1 -1 -1 -1 -1 -1 -1 -1 -1 -1 -1 -1 -1 -1 -1 -1 -1 -1 -1 -1 -1 -1 -1 -1 -1 -1 -1 -1 -1 -1 -1 -1 -1 -1 -1 -1 -1 -1 -1 -1 -1 -1 -1 -1 -1
14      -1 6 6 -1 5 9 5 8 2 1 -1 6 -1 -1 -1 -1 5 -1 5 7 -1 7 -1 -1 7 -1 -1 5 9 -1 -1 5 -1 -1 -1 12 -1 5 -1 5 -1 -1 -1 -1 10 -1 -1 6 -1 6 7 6 -1 -1 -1 9 -1 8 -1
15      -1 3 6 -1 7 7 5 6 4 1 -1 3 -1 -1 -1 -1 4 -1 5 10 -1 5 -1 -1 6 -1 -1 5 11 -1 -1 5 -1 -1 -1 12 -1 2 -1 8 -1 -1 -1 -1 10 -1 -1 3 -1 5 8 5 -1 -1 -1 5 -1 4 -1
16      -1 6 8 -1 9 12 3 8 3 8 -1 4 -1 -1 -1 -1 6 -1 5 6 -1 7 -1 -1 7 -1 -1 7 9 -1 -1 3 -1 -1 -1 7 -1 2 -1 7 -1 -1 -1 -1 7 -1 -1 4 -1 6 8 5 -1 -1 -1 8 -1 6 -1
17      -1 -1 -1 -1 -1 12 -1 -1 5 -1 -1 -1 5 6 -1 -1 -1 8 -1 -1 -1 -1 8 4 -1 7 -1 -1 -1 6 11 -1 -1 6 10 9 7 -1 -1 -1 -1 6 -1 -1 -1 8 11 -1 6 5 -1 -1 -1 -1 6 7 -1 -1 3
18      -1 -1 -1 -1 -1 9 -1 -1 2 -1 -1 -1 5 6 -1 -1 -1 9 -1 -1 -1 -1 11 4 -1 9 -1 -1 -1 9 9 -1 -1 6 7 11 7 -1 -1 -1 -1 6 -1 -1 -1 6 14 -1 5 5 -1 -1 -1 -1 7 7 -1 -1 7
19      -1 -1 -1 -1 -1 -1 -1 -1 -1 -1 -1 -1 -1 -1 -1 -1 -1 -1 -1 -1 -1 -1 -1 -1 -1 -1 -1 -1 -1 -1 -1 -1 -1 -1 -1 -1 -1 -1 -1 -1 -1 -1 -1 -1 -1 -1 -1 -1 -1 -1 -1 -1 -1 -1 -1 -1 -1 -1 -1
20      -1 -1 -1 -1 -1 -1 -1 -1 -1 -1 -1 -1 -1 -1 -1 -1 -1 -1 -1 -1 -1 -1 -1 -1 -1 -1 -1 -1 -1 -1 -1 -1 -1 -1 -1 -1 -1 -1 -1 -1 -1 -1 -1 -1 -1 -1 -1 -1 -1 -1 -1 -1 -1 -1 -1 -1 -1 -1 -1
21      -1 -1 -1 -1 -1 -1 -1 -1 -1 -1 -1 -1 -1 -1 -1 -1 -1 -1 -1 -1 -1 -1 -1 -1 -1 -1 -1 -1 -1 -1 -1 -1 -1 -1 -1 -1 -1 -1 -1 -1 -1 -1 -1 -1 -1 -1 -1 -1 -1 -1 -1 -1 -1 -1 -1 -1 -1 -1 -1
22      -1 -1 -1 -1 -1 -1 -1 -1 -1 -1 -1 -1 -1 -1 -1 -1 -1 -1 -1 -1 -1 -1 -1 -1 -1 -1 -1 -1 -1 -1 -1 -1 -1 -1 -1 -1 -1 -1 -1 -1 -1 -1 -1 -1 -1 -1 -1 -1 -1 -1 -1 -1 -1 -1 -1 -1 -1 -1 -1
23      -1 -1 7 6 -1 -1 2 -1 -1 -1 -1 5 4 8 -1 10 9 -1 -1 -1 1 7 -1 -1 7 -1 2 -1 7 7 10 -1 5 -1 10 7 -1 -1 -1 -1 8 -1 -1 -1 7 7 -1 -1 -1 -1 -1 2 -1 12 6 -1 -1 -1 8
24      -1 -1 -1 -1 -1 -1 -1 -1 -1 -1 -1 -1 -1 -1 -1 -1 -1 -1 -1 -1 -1 -1 -1 -1 -1 -1 -1 -1 -1 -1 -1 -1 -1 -1 -1 -1 -1 -1 -1 -1 -1 -1 -1 -1 -1 -1 -1 -1 -1 -1 -1 -1 -1 -1 -1 -1 -1 -1 -1
