MK3
njobs 15
nmac 8
nworker 6
sumop 150
meq 5
jobID  ops
1 7
2 6
3 6
4 6
5 5
6 5
7 7
8 5
9 6
10 6
11 7
12 6
13 6
14 7
15 6
TASK
TASKID    CapableMachine  Predecessors
1 [3, 3, 1, 5, 1]
2 [4, 7, 1, 7, 6] 1
3 [8, 4, 8, 3, 2] 1 2
4 [6, 2, 6, 4, 4] 1 2 3
5 [2, 4, 7, 8, 2] 1 2 3 4
6 [4, 2, 2, 5, 7] 1 2 3 4 5
7 [7, 5, 5, 8, 4] 1 2 3 4 5 6
8 [4, 6, 3, 5, 8]
9 [7, 2, 7, 2, 4] 8
10 [6, 3, 3, 1, 6] 8 9
11 [3, 4, 6, 2, 8] 8 9 10
12 [5, 5, 5, 1, 3] 8 9 10 11
13 [1, 1, 7, 2, 5] 8 9 10 11 12
14 [3, 8, 8, 8, 7]
15 [7, 4, 3, 5, 6] 14
16 [3, 7, 6, 4, 5] 14 15
17 [5, 4, 5, 1, 5] 14 15 16
18 [2, 2, 1, 3, 8] 14 15 16 17
19 [5, 7, 6, 3, 4] 14 15 16 17 18
20 [3, 8, 4, 7, 1]
21 [4, 4, 8, 4, 8] 20
22 [4, 3, 2, 8, 5] 20 21
23 [4, 4, 5, 3, 3] 20 21 22
24 [6, 3, 6, 8, 7] 20 21 22 23
25 [5, 3, 4, 1, 8] 20 21 22 23 24
26 [5, 6, 1, 5, 7]
27 [8, 6, 2, 7, 6] 26
28 [7, 4, 8, 8, 4] 26 27
29 [3, 1, 8, 4, 7] 26 27 28
30 [4, 5, 6, 5, 2] 26 27 28 29
31 [2, 4, 2, 3, 7]
32 [2, 6, 4, 2, 3] 31
33 [5, 6, 5, 2, 7] 31 32
34 [4, 5, 8, 2, 4] 31 32 33
35 [6, 3, 6, 5, 2] 31 32 33 34
36 [6, 3, 1, 5, 7]
37 [3, 1, 1, 1, 3] 36
38 [6, 2, 3, 7, 3] 36 37
39 [2, 5, 3, 4, 3] 36 37 38
40 [6, 3, 3, 6, 5] 36 37 38 39
41 [7, 5, 1, 7, 6] 36 37 38 39 40
42 [2, 3, 7, 7, 6] 36 37 38 39 40 41
43 [2, 6, 1, 3, 5]
44 [4, 5, 8, 5, 5] 43
45 [6, 8, 2, 4, 4] 43 44
46 [4, 3, 3, 8, 5] 43 44 45
47 [8, 3, 7, 8, 4] 43 44 45 46
48 [4, 1, 6, 7, 7]
49 [2, 4, 8, 7, 5] 48
50 [4, 4, 5, 2, 4] 48 49
51 [8, 4, 5, 4, 6] 48 49 50
52 [2, 8, 3, 3, 3] 48 49 50 51
53 [5, 4, 3, 4, 5] 48 49 50 51 52
54 [7, 7, 5, 5, 6]
55 [3, 4, 2, 1, 1] 54
56 [3, 6, 3, 8, 2] 54 55
57 [3, 3, 4, 4, 2] 54 55 56
58 [6, 4, 2, 8, 6] 54 55 56 57
59 [6, 5, 5, 6, 3] 54 55 56 57 58
60 [3, 1, 1, 7, 6]
61 [6, 6, 7, 3, 4] 60
62 [5, 5, 2, 6, 8] 60 61
63 [6, 5, 4, 7, 5] 60 61 62
64 [3, 2, 5, 7, 8] 60 61 62 63
65 [7, 2, 6, 7, 2] 60 61 62 63 64
66 [1, 3, 4, 2, 7] 60 61 62 63 64 65
67 [4, 3, 3, 6, 7]
68 [2, 6, 5, 6, 7] 67
69 [1, 1, 6, 3, 6] 67 68
70 [7, 1, 5, 3, 6] 67 68 69
71 [8, 6, 4, 2, 6] 67 68 69 70
72 [5, 6, 1, 4, 3] 67 68 69 70 71
73 [4, 1, 8, 6, 2]
74 [8, 1, 5, 5, 2] 73
75 [7, 4, 4, 3, 6] 73 74
76 [4, 5, 1, 7, 7] 73 74 75
77 [6, 6, 7, 1, 4] 73 74 75 76
78 [7, 1, 1, 6, 4] 73 74 75 76 77
79 [7, 1, 4, 8, 7]
80 [4, 4, 4, 3, 8] 79
81 [4, 6, 8, 7, 3] 79 80
82 [5, 7, 8, 7, 2] 79 80 81
83 [6, 7, 8, 4, 8] 79 80 81 82
84 [3, 3, 2, 7, 8] 79 80 81 82 83
85 [3, 1, 7, 6, 6] 79 80 81 82 83 84
86 [6, 2, 6, 8, 7]
87 [1, 5, 2, 2, 2] 86
88 [1, 1, 1, 3, 6] 86 87
89 [4, 3, 8, 5, 2] 86 87 88
90 [5, 1, 2, 6, 5] 86 87 88 89
91 [8, 4, 6, 7, 1] 86 87 88 89 90
Resource
resourceID  MachineID  WorkerID  exits
1 1 1 1
2 1 2 0
3 1 3 1
4 1 4 0
5 1 5 0
6 1 6 0
7 2 1 0
8 2 2 1
9 2 3 0
10 2 4 1
11 2 5 0
12 2 6 0
13 3 1 0
14 3 2 0
15 3 3 0
16 3 4 1
17 3 5 0
18 3 6 0
19 4 1 0
20 4 2 1
21 4 3 1
22 4 4 0
23 4 5 0
24 4 6 0
25 5 1 1
26 5 2 0
27 5 3 0
28 5 4 0
29 5 5 0
30 5 6 1
31 6 1 0
32 6 2 0
33 6 3 1
34 6 4 1
35 6 5 1
36 6 6 0
37 7 1 0
38 7 2 0
39 7 3 0
40 7 4 1
41 7 5 1
42 7 6 0
43 8 1 0
44 8 2 0
45 8 3 0
46 8 4 0
47 8 5 1
48 8 6 1
Duration
procTime  4  2  6  6  5  7  2  5  2  1  5  3  4  5  5  5  4  2  3  5  1  5  7  3  5  7  2  5  7  6  6  1  2  2  6  6  7  2  2  4  5  5  1  5  7  5  7  2  1  5  7  1  6  6  6  5  4  4  3  1  3  7  3  3  6  2  1  3  3  3  7  1  6  5  3  4  2  2  5  7  5  4  1  7  1  1  7  3  3  6  4  4  5  3  3  3  1  3  1  3  2  1  3  1  4  5  7  3  7  2  5  2  2  4  6  3  7  3  6  4  5  6  5  7  9  16  3  9  20  13  18  5  18  18  1  14  20  5  17  13  5  3  17  12  13  18  1  5  7  19  
diata  5  5  6  2  5  6  4  4  4  8  4  4  3  4  6  7  7  8  3  8  5  4  5  4  3  6  2  5  5  4  6  5  5  6  6  7  4  5  8  6  4  2  2  2  6  8  8  6  6  3  2  6  6  8  5  6  7  8  8  5  4  3  8  3  7  4  6  4  5  3  8  6  5  5  5  2  2  6  5  5  5  4  8  7  5  2  6  4  4  2  7  2  7  5  5  4  4  6  6  2  5  3  3  2  3  5  2  7  3  2  5  6  8  4  3  3  4  6  2  5  2  4  5  8  6  6  7  3  2  2  8  7  6  3  7  5  4  2  8  8  4  5  6  3  2  7  7  2  8  2  
ResID/OpID1  2  3  4  5  6  7  8  9  10  11  12  13  14  15  16  17  18  19  20  21  22  23  24  25  26  27  28  29  30  31  32  33  34  35  36  37  38  39  40  41  42  43  44  45  46  47  48  49  50  51  52  53  54  55  56  57  58  59  60  61  62  63  64  65  66  67  68  69  70  71  72  73  74  75  76  77  78  79  80  81  82  83  84  85  86  87  88  89  90  91  92  93  94  95  96  97  98  99  100  101  102  103  104  105  106  107  108  109  110  111  112  113  114  115  116  117  118  119  120  121  122  123  124  125  126  127  128  129  130  131  132  133  134  135  136  137  138  139  140  141  142  143  144  145  146  147  148  149  150  
1      6 4 -1 -1 -1 -1 -1 -1 -1 8 -1 4 5 -1 -1 -1 4 3 -1 9 -1 -1 -1 -1 7 11 -1 -1 9 -1 -1 -1 -1 -1 -1 7 9 -1 -1 -1 8 -1 2 -1 -1 -1 -1 3 -1 -1 -1 -1 -1 -1 9 -1 -1 -1 -1 1 -1 -1 -1 -1 -1 2 -1 -1 5 5 -1 5 7 7 -1 4 3 7 7 -1 -1 -1 -1 -1 5 -1 11 4 -1 7 4 -1 7 -1 -1 3 1 -1 1 -1 3 1 4 2 -1 8 8 3 -1 -1 -1 -1 -1 4 -1 5 8 -1 7 5 5 7 -1 -1 10 -1 8 -1 21 -1 22 9 -1 -1 -1 18 -1 6 24 -1 -1 -1 -1 13 -1 21 1 -1 -1 20
2      -1 -1 -1 -1 -1 -1 -1 -1 -1 -1 -1 -1 -1 -1 -1 -1 -1 -1 -1 -1 -1 -1 -1 -1 -1 -1 -1 -1 -1 -1 -1 -1 -1 -1 -1 -1 -1 -1 -1 -1 -1 -1 -1 -1 -1 -1 -1 -1 -1 -1 -1 -1 -1 -1 -1 -1 -1 -1 -1 -1 -1 -1 -1 -1 -1 -1 -1 -1 -1 -1 -1 -1 -1 -1 -1 -1 -1 -1 -1 -1 -1 -1 -1 -1 -1 -1 -1 -1 -1 -1 -1 -1 -1 -1 -1 -1 -1 -1 -1 -1 -1 -1 -1 -1 -1 -1 -1 -1 -1 -1 -1 -1 -1 -1 -1 -1 -1 -1 -1 -1 -1 -1 -1 -1 -1 -1 -1 -1 -1 -1 -1 -1 -1 -1 -1 -1 -1 -1 -1 -1 -1 -1 -1 -1 -1 -1 -1 -1 -1 -1
3      5 2 -1 -1 -1 -1 -1 -1 -1 2 -1 3 6 -1 -1 -1 5 5 -1 6 -1 -1 -1 -1 6 11 -1 -1 10 -1 -1 -1 -1 -1 -1 9 8 -1 -1 -1 5 -1 2 -1 -1 -1 -1 6 -1 -1 -1 -1 -1 -1 7 -1 -1 -1 -1 4 -1 -1 -1 -1 -1 2 -1 -1 5 5 -1 3 10 7 -1 4 3 4 7 -1 -1 -1 -1 -1 4 -1 7 6 -1 6 10 -1 5 -1 -1 6 1 -1 4 -1 3 3 4 1 -1 8 8 4 -1 -1 -1 -1 -1 4 -1 3 8 -1 6 8 5 7 -1 -1 13 -1 6 -1 20 -1 18 6 -1 -1 -1 15 -1 6 20 -1 -1 -1 -1 14 -1 24 5 -1 -1 19
4      -1 -1 -1 -1 -1 -1 -1 -1 -1 -1 -1 -1 -1 -1 -1 -1 -1 -1 -1 -1 -1 -1 -1 -1 -1 -1 -1 -1 -1 -1 -1 -1 -1 -1 -1 -1 -1 -1 -1 -1 -1 -1 -1 -1 -1 -1 -1 -1 -1 -1 -1 -1 -1 -1 -1 -1 -1 -1 -1 -1 -1 -1 -1 -1 -1 -1 -1 -1 -1 -1 -1 -1 -1 -1 -1 -1 -1 -1 -1 -1 -1 -1 -1 -1 -1 -1 -1 -1 -1 -1 -1 -1 -1 -1 -1 -1 -1 -1 -1 -1 -1 -1 -1 -1 -1 -1 -1 -1 -1 -1 -1 -1 -1 -1 -1 -1 -1 -1 -1 -1 -1 -1 -1 -1 -1 -1 -1 -1 -1 -1 -1 -1 -1 -1 -1 -1 -1 -1 -1 -1 -1 -1 -1 -1 -1 -1 -1 -1 -1 -1
5      -1 -1 -1 -1 -1 -1 -1 -1 -1 -1 -1 -1 -1 -1 -1 -1 -1 -1 -1 -1 -1 -1 -1 -1 -1 -1 -1 -1 -1 -1 -1 -1 -1 -1 -1 -1 -1 -1 -1 -1 -1 -1 -1 -1 -1 -1 -1 -1 -1 -1 -1 -1 -1 -1 -1 -1 -1 -1 -1 -1 -1 -1 -1 -1 -1 -1 -1 -1 -1 -1 -1 -1 -1 -1 -1 -1 -1 -1 -1 -1 -1 -1 -1 -1 -1 -1 -1 -1 -1 -1 -1 -1 -1 -1 -1 -1 -1 -1 -1 -1 -1 -1 -1 -1 -1 -1 -1 -1 -1 -1 -1 -1 -1 -1 -1 -1 -1 -1 -1 -1 -1 -1 -1 -1 -1 -1 -1 -1 -1 -1 -1 -1 -1 -1 -1 -1 -1 -1 -1 -1 -1 -1 -1 -1 -1 -1 -1 -1 -1 -1
6      -1 -1 -1 -1 -1 -1 -1 -1 -1 -1 -1 -1 -1 -1 -1 -1 -1 -1 -1 -1 -1 -1 -1 -1 -1 -1 -1 -1 -1 -1 -1 -1 -1 -1 -1 -1 -1 -1 -1 -1 -1 -1 -1 -1 -1 -1 -1 -1 -1 -1 -1 -1 -1 -1 -1 -1 -1 -1 -1 -1 -1 -1 -1 -1 -1 -1 -1 -1 -1 -1 -1 -1 -1 -1 -1 -1 -1 -1 -1 -1 -1 -1 -1 -1 -1 -1 -1 -1 -1 -1 -1 -1 -1 -1 -1 -1 -1 -1 -1 -1 -1 -1 -1 -1 -1 -1 -1 -1 -1 -1 -1 -1 -1 -1 -1 -1 -1 -1 -1 -1 -1 -1 -1 -1 -1 -1 -1 -1 -1 -1 -1 -1 -1 -1 -1 -1 -1 -1 -1 -1 -1 -1 -1 -1 -1 -1 -1 -1 -1 -1
7      -1 -1 -1 -1 -1 -1 -1 -1 -1 -1 -1 -1 -1 -1 -1 -1 -1 -1 -1 -1 -1 -1 -1 -1 -1 -1 -1 -1 -1 -1 -1 -1 -1 -1 -1 -1 -1 -1 -1 -1 -1 -1 -1 -1 -1 -1 -1 -1 -1 -1 -1 -1 -1 -1 -1 -1 -1 -1 -1 -1 -1 -1 -1 -1 -1 -1 -1 -1 -1 -1 -1 -1 -1 -1 -1 -1 -1 -1 -1 -1 -1 -1 -1 -1 -1 -1 -1 -1 -1 -1 -1 -1 -1 -1 -1 -1 -1 -1 -1 -1 -1 -1 -1 -1 -1 -1 -1 -1 -1 -1 -1 -1 -1 -1 -1 -1 -1 -1 -1 -1 -1 -1 -1 -1 -1 -1 -1 -1 -1 -1 -1 -1 -1 -1 -1 -1 -1 -1 -1 -1 -1 -1 -1 -1 -1 -1 -1 -1 -1 -1
8      -1 -1 11 7 5 8 -1 -1 2 -1 7 -1 5 -1 -1 -1 -1 9 -1 -1 -1 5 -1 -1 -1 -1 2 -1 -1 8 10 1 6 4 9 -1 -1 5 3 -1 -1 6 1 -1 11 -1 -1 -1 3 5 -1 5 -1 -1 10 6 4 5 -1 -1 -1 9 -1 4 12 2 -1 3 -1 -1 9 -1 7 9 -1 -1 -1 -1 -1 -1 -1 6 -1 11 -1 2 9 -1 5 7 -1 5 -1 3 -1 5 -1 3 -1 3 4 3 5 -1 4 -1 -1 -1 -1 -1 5 2 6 4 -1 5 7 6 6 -1 5 -1 -1 -1 10 17 3 -1 -1 14 20 7 21 18 -1 -1 -1 6 19 -1 -1 -1 -1 12 14 -1 6 5 13 -1
9      -1 -1 -1 -1 -1 -1 -1 -1 -1 -1 -1 -1 -1 -1 -1 -1 -1 -1 -1 -1 -1 -1 -1 -1 -1 -1 -1 -1 -1 -1 -1 -1 -1 -1 -1 -1 -1 -1 -1 -1 -1 -1 -1 -1 -1 -1 -1 -1 -1 -1 -1 -1 -1 -1 -1 -1 -1 -1 -1 -1 -1 -1 -1 -1 -1 -1 -1 -1 -1 -1 -1 -1 -1 -1 -1 -1 -1 -1 -1 -1 -1 -1 -1 -1 -1 -1 -1 -1 -1 -1 -1 -1 -1 -1 -1 -1 -1 -1 -1 -1 -1 -1 -1 -1 -1 -1 -1 -1 -1 -1 -1 -1 -1 -1 -1 -1 -1 -1 -1 -1 -1 -1 -1 -1 -1 -1 -1 -1 -1 -1 -1 -1 -1 -1 -1 -1 -1 -1 -1 -1 -1 -1 -1 -1 -1 -1 -1 -1 -1 -1
10      -1 -1 6 7 5 8 -1 -1 5 -1 7 -1 5 -1 -1 -1 -1 7 -1 -1 -1 8 -1 -1 -1 -1 3 -1 -1 7 7 3 3 4 9 -1 -1 2 8 -1 -1 6 2 -1 10 -1 -1 -1 6 5 -1 6 -1 -1 6 10 5 6 -1 -1 -1 7 -1 5 9 4 -1 5 -1 -1 9 -1 10 7 -1 -1 -1 -1 -1 -1 -1 6 -1 8 -1 1 12 -1 4 6 -1 5 -1 6 -1 5 -1 5 -1 4 3 2 4 -1 6 -1 -1 -1 -1 -1 8 4 4 4 -1 3 9 4 6 -1 6 -1 -1 -1 11 18 8 -1 -1 14 21 11 18 19 -1 -1 -1 6 19 -1 -1 -1 -1 13 14 -1 7 5 14 -1
11      -1 -1 -1 -1 -1 -1 -1 -1 -1 -1 -1 -1 -1 -1 -1 -1 -1 -1 -1 -1 -1 -1 -1 -1 -1 -1 -1 -1 -1 -1 -1 -1 -1 -1 -1 -1 -1 -1 -1 -1 -1 -1 -1 -1 -1 -1 -1 -1 -1 -1 -1 -1 -1 -1 -1 -1 -1 -1 -1 -1 -1 -1 -1 -1 -1 -1 -1 -1 -1 -1 -1 -1 -1 -1 -1 -1 -1 -1 -1 -1 -1 -1 -1 -1 -1 -1 -1 -1 -1 -1 -1 -1 -1 -1 -1 -1 -1 -1 -1 -1 -1 -1 -1 -1 -1 -1 -1 -1 -1 -1 -1 -1 -1 -1 -1 -1 -1 -1 -1 -1 -1 -1 -1 -1 -1 -1 -1 -1 -1 -1 -1 -1 -1 -1 -1 -1 -1 -1 -1 -1 -1 -1 -1 -1 -1 -1 -1 -1 -1 -1
12      -1 -1 -1 -1 -1 -1 -1 -1 -1 -1 -1 -1 -1 -1 -1 -1 -1 -1 -1 -1 -1 -1 -1 -1 -1 -1 -1 -1 -1 -1 -1 -1 -1 -1 -1 -1 -1 -1 -1 -1 -1 -1 -1 -1 -1 -1 -1 -1 -1 -1 -1 -1 -1 -1 -1 -1 -1 -1 -1 -1 -1 -1 -1 -1 -1 -1 -1 -1 -1 -1 -1 -1 -1 -1 -1 -1 -1 -1 -1 -1 -1 -1 -1 -1 -1 -1 -1 -1 -1 -1 -1 -1 -1 -1 -1 -1 -1 -1 -1 -1 -1 -1 -1 -1 -1 -1 -1 -1 -1 -1 -1 -1 -1 -1 -1 -1 -1 -1 -1 -1 -1 -1 -1 -1 -1 -1 -1 -1 -1 -1 -1 -1 -1 -1 -1 -1 -1 -1 -1 -1 -1 -1 -1 -1 -1 -1 -1 -1 -1 -1
13      -1 -1 -1 -1 -1 -1 -1 -1 -1 -1 -1 -1 -1 -1 -1 -1 -1 -1 -1 -1 -1 -1 -1 -1 -1 -1 -1 -1 -1 -1 -1 -1 -1 -1 -1 -1 -1 -1 -1 -1 -1 -1 -1 -1 -1 -1 -1 -1 -1 -1 -1 -1 -1 -1 -1 -1 -1 -1 -1 -1 -1 -1 -1 -1 -1 -1 -1 -1 -1 -1 -1 -1 -1 -1 -1 -1 -1 -1 -1 -1 -1 -1 -1 -1 -1 -1 -1 -1 -1 -1 -1 -1 -1 -1 -1 -1 -1 -1 -1 -1 -1 -1 -1 -1 -1 -1 -1 -1 -1 -1 -1 -1 -1 -1 -1 -1 -1 -1 -1 -1 -1 -1 -1 -1 -1 -1 -1 -1 -1 -1 -1 -1 -1 -1 -1 -1 -1 -1 -1 -1 -1 -1 -1 -1 -1 -1 -1 -1 -1 -1
14      -1 -1 -1 -1 -1 -1 -1 -1 -1 -1 -1 -1 -1 -1 -1 -1 -1 -1 -1 -1 -1 -1 -1 -1 -1 -1 -1 -1 -1 -1 -1 -1 -1 -1 -1 -1 -1 -1 -1 -1 -1 -1 -1 -1 -1 -1 -1 -1 -1 -1 -1 -1 -1 -1 -1 -1 -1 -1 -1 -1 -1 -1 -1 -1 -1 -1 -1 -1 -1 -1 -1 -1 -1 -1 -1 -1 -1 -1 -1 -1 -1 -1 -1 -1 -1 -1 -1 -1 -1 -1 -1 -1 -1 -1 -1 -1 -1 -1 -1 -1 -1 -1 -1 -1 -1 -1 -1 -1 -1 -1 -1 -1 -1 -1 -1 -1 -1 -1 -1 -1 -1 -1 -1 -1 -1 -1 -1 -1 -1 -1 -1 -1 -1 -1 -1 -1 -1 -1 -1 -1 -1 -1 -1 -1 -1 -1 -1 -1 -1 -1
15      -1 -1 -1 -1 -1 -1 -1 -1 -1 -1 -1 -1 -1 -1 -1 -1 -1 -1 -1 -1 -1 -1 -1 -1 -1 -1 -1 -1 -1 -1 -1 -1 -1 -1 -1 -1 -1 -1 -1 -1 -1 -1 -1 -1 -1 -1 -1 -1 -1 -1 -1 -1 -1 -1 -1 -1 -1 -1 -1 -1 -1 -1 -1 -1 -1 -1 -1 -1 -1 -1 -1 -1 -1 -1 -1 -1 -1 -1 -1 -1 -1 -1 -1 -1 -1 -1 -1 -1 -1 -1 -1 -1 -1 -1 -1 -1 -1 -1 -1 -1 -1 -1 -1 -1 -1 -1 -1 -1 -1 -1 -1 -1 -1 -1 -1 -1 -1 -1 -1 -1 -1 -1 -1 -1 -1 -1 -1 -1 -1 -1 -1 -1 -1 -1 -1 -1 -1 -1 -1 -1 -1 -1 -1 -1 -1 -1 -1 -1 -1 -1
16      4 -1 7 -1 -1 -1 -1 8 -1 3 8 4 -1 6 7 7 -1 9 3 7 -1 6 9 3 7 -1 -1 -1 11 -1 8 1 -1 -1 11 11 9 5 6 6 -1 6 1 -1 -1 11 12 -1 -1 -1 -1 5 9 -1 9 9 9 -1 6 4 6 -1 -1 3 -1 3 2 -1 7 5 -1 4 -1 -1 6 -1 -1 -1 -1 10 5 -1 -1 9 5 -1 -1 4 5 -1 -1 -1 -1 7 3 -1 4 -1 3 -1 -1 -1 -1 -1 5 5 8 -1 9 -1 -1 7 -1 5 8 3 -1 -1 7 -1 -1 8 6 -1 -1 -1 7 -1 20 13 18 -1 -1 -1 1 18 20 -1 19 17 5 3 18 12 13 23 5 -1 -1 20
17      -1 -1 -1 -1 -1 -1 -1 -1 -1 -1 -1 -1 -1 -1 -1 -1 -1 -1 -1 -1 -1 -1 -1 -1 -1 -1 -1 -1 -1 -1 -1 -1 -1 -1 -1 -1 -1 -1 -1 -1 -1 -1 -1 -1 -1 -1 -1 -1 -1 -1 -1 -1 -1 -1 -1 -1 -1 -1 -1 -1 -1 -1 -1 -1 -1 -1 -1 -1 -1 -1 -1 -1 -1 -1 -1 -1 -1 -1 -1 -1 -1 -1 -1 -1 -1 -1 -1 -1 -1 -1 -1 -1 -1 -1 -1 -1 -1 -1 -1 -1 -1 -1 -1 -1 -1 -1 -1 -1 -1 -1 -1 -1 -1 -1 -1 -1 -1 -1 -1 -1 -1 -1 -1 -1 -1 -1 -1 -1 -1 -1 -1 -1 -1 -1 -1 -1 -1 -1 -1 -1 -1 -1 -1 -1 -1 -1 -1 -1 -1 -1
18      -1 -1 -1 -1 -1 -1 -1 -1 -1 -1 -1 -1 -1 -1 -1 -1 -1 -1 -1 -1 -1 -1 -1 -1 -1 -1 -1 -1 -1 -1 -1 -1 -1 -1 -1 -1 -1 -1 -1 -1 -1 -1 -1 -1 -1 -1 -1 -1 -1 -1 -1 -1 -1 -1 -1 -1 -1 -1 -1 -1 -1 -1 -1 -1 -1 -1 -1 -1 -1 -1 -1 -1 -1 -1 -1 -1 -1 -1 -1 -1 -1 -1 -1 -1 -1 -1 -1 -1 -1 -1 -1 -1 -1 -1 -1 -1 -1 -1 -1 -1 -1 -1 -1 -1 -1 -1 -1 -1 -1 -1 -1 -1 -1 -1 -1 -1 -1 -1 -1 -1 -1 -1 -1 -1 -1 -1 -1 -1 -1 -1 -1 -1 -1 -1 -1 -1 -1 -1 -1 -1 -1 -1 -1 -1 -1 -1 -1 -1 -1 -1
19      -1 -1 -1 -1 -1 -1 -1 -1 -1 -1 -1 -1 -1 -1 -1 -1 -1 -1 -1 -1 -1 -1 -1 -1 -1 -1 -1 -1 -1 -1 -1 -1 -1 -1 -1 -1 -1 -1 -1 -1 -1 -1 -1 -1 -1 -1 -1 -1 -1 -1 -1 -1 -1 -1 -1 -1 -1 -1 -1 -1 -1 -1 -1 -1 -1 -1 -1 -1 -1 -1 -1 -1 -1 -1 -1 -1 -1 -1 -1 -1 -1 -1 -1 -1 -1 -1 -1 -1 -1 -1 -1 -1 -1 -1 -1 -1 -1 -1 -1 -1 -1 -1 -1 -1 -1 -1 -1 -1 -1 -1 -1 -1 -1 -1 -1 -1 -1 -1 -1 -1 -1 -1 -1 -1 -1 -1 -1 -1 -1 -1 -1 -1 -1 -1 -1 -1 -1 -1 -1 -1 -1 -1 -1 -1 -1 -1 -1 -1 -1 -1
20      -1 4 9 7 9 7 4 6 4 -1 5 -1 -1 -1 8 9 6 -1 3 6 4 5 11 -1 5 -1 -1 8 9 8 9 4 -1 7 -1 -1 -1 -1 2 -1 -1 -1 -1 6 11 5 14 7 1 5 7 -1 8 -1 10 -1 9 11 -1 -1 4 -1 9 -1 -1 3 1 -1 -1 -1 7 3 10 -1 5 4 2 6 9 11 5 -1 4 -1 -1 -1 -1 -1 6 -1 6 4 -1 -1 3 -1 -1 -1 4 4 -1 -1 5 2 -1 8 7 -1 7 3 6 2 -1 -1 7 3 9 -1 6 -1 6 8 9 8 -1 -1 -1 -1 21 14 -1 5 -1 -1 -1 -1 -1 6 19 13 8 4 21 -1 14 -1 -1 5 -1 19
21      -1 4 10 6 9 8 4 7 2 -1 5 -1 -1 -1 6 6 8 -1 4 11 2 7 10 -1 7 -1 -1 6 9 9 9 3 -1 6 -1 -1 -1 -1 3 -1 -1 -1 -1 6 12 11 11 4 6 7 8 -1 10 -1 9 -1 7 6 -1 -1 4 -1 10 -1 -1 2 1 -1 -1 -1 12 1 8 -1 4 4 2 6 5 11 9 -1 3 -1 -1 -1 -1 -1 4 -1 5 5 -1 -1 7 -1 -1 -1 6 3 -1 -1 5 1 -1 6 8 -1 9 3 9 4 -1 -1 8 4 10 -1 6 -1 6 8 6 13 -1 -1 -1 -1 20 14 -1 10 -1 -1 -1 -1 -1 5 23 18 5 5 21 -1 14 -1 -1 5 -1 20
22      -1 -1 -1 -1 -1 -1 -1 -1 -1 -1 -1 -1 -1 -1 -1 -1 -1 -1 -1 -1 -1 -1 -1 -1 -1 -1 -1 -1 -1 -1 -1 -1 -1 -1 -1 -1 -1 -1 -1 -1 -1 -1 -1 -1 -1 -1 -1 -1 -1 -1 -1 -1 -1 -1 -1 -1 -1 -1 -1 -1 -1 -1 -1 -1 -1 -1 -1 -1 -1 -1 -1 -1 -1 -1 -1 -1 -1 -1 -1 -1 -1 -1 -1 -1 -1 -1 -1 -1 -1 -1 -1 -1 -1 -1 -1 -1 -1 -1 -1 -1 -1 -1 -1 -1 -1 -1 -1 -1 -1 -1 -1 -1 -1 -1 -1 -1 -1 -1 -1 -1 -1 -1 -1 -1 -1 -1 -1 -1 -1 -1 -1 -1 -1 -1 -1 -1 -1 -1 -1 -1 -1 -1 -1 -1 -1 -1 -1 -1 -1 -1
23      -1 -1 -1 -1 -1 -1 -1 -1 -1 -1 -1 -1 -1 -1 -1 -1 -1 -1 -1 -1 -1 -1 -1 -1 -1 -1 -1 -1 -1 -1 -1 -1 -1 -1 -1 -1 -1 -1 -1 -1 -1 -1 -1 -1 -1 -1 -1 -1 -1 -1 -1 -1 -1 -1 -1 -1 -1 -1 -1 -1 -1 -1 -1 -1 -1 -1 -1 -1 -1 -1 -1 -1 -1 -1 -1 -1 -1 -1 -1 -1 -1 -1 -1 -1 -1 -1 -1 -1 -1 -1 -1 -1 -1 -1 -1 -1 -1 -1 -1 -1 -1 -1 -1 -1 -1 -1 -1 -1 -1 -1 -1 -1 -1 -1 -1 -1 -1 -1 -1 -1 -1 -1 -1 -1 -1 -1 -1 -1 -1 -1 -1 -1 -1 -1 -1 -1 -1 -1 -1 -1 -1 -1 -1 -1 -1 -1 -1 -1 -1 -1
24      -1 -1 -1 -1 -1 -1 -1 -1 -1 -1 -1 -1 -1 -1 -1 -1 -1 -1 -1 -1 -1 -1 -1 -1 -1 -1 -1 -1 -1 -1 -1 -1 -1 -1 -1 -1 -1 -1 -1 -1 -1 -1 -1 -1 -1 -1 -1 -1 -1 -1 -1 -1 -1 -1 -1 -1 -1 -1 -1 -1 -1 -1 -1 -1 -1 -1 -1 -1 -1 -1 -1 -1 -1 -1 -1 -1 -1 -1 -1 -1 -1 -1 -1 -1 -1 -1 -1 -1 -1 -1 -1 -1 -1 -1 -1 -1 -1 -1 -1 -1 -1 -1 -1 -1 -1 -1 -1 -1 -1 -1 -1 -1 -1 -1 -1 -1 -1 -1 -1 -1 -1 -1 -1 -1 -1 -1 -1 -1 -1 -1 -1 -1 -1 -1 -1 -1 -1 -1 -1 -1 -1 -1 -1 -1 -1 -1 -1 -1 -1 -1
25      5 -1 -1 -1 -1 9 3 6 -1 -1 -1 5 4 -1 6 8 6 -1 4 -1 -1 6 11 -1 6 10 -1 -1 -1 6 -1 -1 3 5 11 7 -1 -1 7 6 6 -1 1 6 -1 9 -1 -1 3 7 8 -1 6 12 -1 -1 -1 -1 7 -1 -1 7 6 4 -1 -1 -1 3 -1 3 -1 3 -1 9 -1 4 -1 -1 -1 -1 -1 7 -1 -1 -1 -1 9 -1 4 7 -1 5 6 7 6 -1 1 8 -1 4 -1 2 -1 1 5 7 -1 4 7 -1 -1 5 -1 -1 6 -1 -1 -1 -1 8 -1 -1 9 8 9 -1 -1 11 -1 14 18 7 18 -1 2 16 21 6 -1 15 6 7 -1 14 -1 -1 -1 5 10 20
26      -1 -1 -1 -1 -1 -1 -1 -1 -1 -1 -1 -1 -1 -1 -1 -1 -1 -1 -1 -1 -1 -1 -1 -1 -1 -1 -1 -1 -1 -1 -1 -1 -1 -1 -1 -1 -1 -1 -1 -1 -1 -1 -1 -1 -1 -1 -1 -1 -1 -1 -1 -1 -1 -1 -1 -1 -1 -1 -1 -1 -1 -1 -1 -1 -1 -1 -1 -1 -1 -1 -1 -1 -1 -1 -1 -1 -1 -1 -1 -1 -1 -1 -1 -1 -1 -1 -1 -1 -1 -1 -1 -1 -1 -1 -1 -1 -1 -1 -1 -1 -1 -1 -1 -1 -1 -1 -1 -1 -1 -1 -1 -1 -1 -1 -1 -1 -1 -1 -1 -1 -1 -1 -1 -1 -1 -1 -1 -1 -1 -1 -1 -1 -1 -1 -1 -1 -1 -1 -1 -1 -1 -1 -1 -1 -1 -1 -1 -1 -1 -1
27      -1 -1 -1 -1 -1 -1 -1 -1 -1 -1 -1 -1 -1 -1 -1 -1 -1 -1 -1 -1 -1 -1 -1 -1 -1 -1 -1 -1 -1 -1 -1 -1 -1 -1 -1 -1 -1 -1 -1 -1 -1 -1 -1 -1 -1 -1 -1 -1 -1 -1 -1 -1 -1 -1 -1 -1 -1 -1 -1 -1 -1 -1 -1 -1 -1 -1 -1 -1 -1 -1 -1 -1 -1 -1 -1 -1 -1 -1 -1 -1 -1 -1 -1 -1 -1 -1 -1 -1 -1 -1 -1 -1 -1 -1 -1 -1 -1 -1 -1 -1 -1 -1 -1 -1 -1 -1 -1 -1 -1 -1 -1 -1 -1 -1 -1 -1 -1 -1 -1 -1 -1 -1 -1 -1 -1 -1 -1 -1 -1 -1 -1 -1 -1 -1 -1 -1 -1 -1 -1 -1 -1 -1 -1 -1 -1 -1 -1 -1 -1 -1
28      -1 -1 -1 -1 -1 -1 -1 -1 -1 -1 -1 -1 -1 -1 -1 -1 -1 -1 -1 -1 -1 -1 -1 -1 -1 -1 -1 -1 -1 -1 -1 -1 -1 -1 -1 -1 -1 -1 -1 -1 -1 -1 -1 -1 -1 -1 -1 -1 -1 -1 -1 -1 -1 -1 -1 -1 -1 -1 -1 -1 -1 -1 -1 -1 -1 -1 -1 -1 -1 -1 -1 -1 -1 -1 -1 -1 -1 -1 -1 -1 -1 -1 -1 -1 -1 -1 -1 -1 -1 -1 -1 -1 -1 -1 -1 -1 -1 -1 -1 -1 -1 -1 -1 -1 -1 -1 -1 -1 -1 -1 -1 -1 -1 -1 -1 -1 -1 -1 -1 -1 -1 -1 -1 -1 -1 -1 -1 -1 -1 -1 -1 -1 -1 -1 -1 -1 -1 -1 -1 -1 -1 -1 -1 -1 -1 -1 -1 -1 -1 -1
29      -1 -1 -1 -1 -1 -1 -1 -1 -1 -1 -1 -1 -1 -1 -1 -1 -1 -1 -1 -1 -1 -1 -1 -1 -1 -1 -1 -1 -1 -1 -1 -1 -1 -1 -1 -1 -1 -1 -1 -1 -1 -1 -1 -1 -1 -1 -1 -1 -1 -1 -1 -1 -1 -1 -1 -1 -1 -1 -1 -1 -1 -1 -1 -1 -1 -1 -1 -1 -1 -1 -1 -1 -1 -1 -1 -1 -1 -1 -1 -1 -1 -1 -1 -1 -1 -1 -1 -1 -1 -1 -1 -1 -1 -1 -1 -1 -1 -1 -1 -1 -1 -1 -1 -1 -1 -1 -1 -1 -1 -1 -1 -1 -1 -1 -1 -1 -1 -1 -1 -1 -1 -1 -1 -1 -1 -1 -1 -1 -1 -1 -1 -1 -1 -1 -1 -1 -1 -1 -1 -1 -1 -1 -1 -1 -1 -1 -1 -1 -1 -1
30      6 -1 -1 -1 -1 12 3 8 -1 -1 -1 3 4 -1 7 5 10 -1 4 -1 -1 8 8 -1 7 7 -1 -1 -1 9 -1 -1 4 6 11 6 -1 -1 2 9 6 -1 2 6 -1 11 -1 -1 4 7 8 -1 11 13 -1 -1 -1 -1 10 -1 -1 8 6 5 -1 -1 -1 3 -1 3 -1 1 -1 7 -1 4 -1 -1 -1 -1 -1 5 -1 -1 -1 -1 9 -1 4 7 -1 5 10 5 3 -1 2 8 -1 4 -1 2 -1 2 5 7 -1 3 7 -1 -1 7 -1 -1 7 -1 -1 -1 -1 7 -1 -1 6 14 12 -1 -1 10 -1 14 19 8 23 -1 7 15 22 5 -1 16 6 5 -1 12 -1 -1 -1 6 9 19
31      -1 -1 -1 -1 -1 -1 -1 -1 -1 -1 -1 -1 -1 -1 -1 -1 -1 -1 -1 -1 -1 -1 -1 -1 -1 -1 -1 -1 -1 -1 -1 -1 -1 -1 -1 -1 -1 -1 -1 -1 -1 -1 -1 -1 -1 -1 -1 -1 -1 -1 -1 -1 -1 -1 -1 -1 -1 -1 -1 -1 -1 -1 -1 -1 -1 -1 -1 -1 -1 -1 -1 -1 -1 -1 -1 -1 -1 -1 -1 -1 -1 -1 -1 -1 -1 -1 -1 -1 -1 -1 -1 -1 -1 -1 -1 -1 -1 -1 -1 -1 -1 -1 -1 -1 -1 -1 -1 -1 -1 -1 -1 -1 -1 -1 -1 -1 -1 -1 -1 -1 -1 -1 -1 -1 -1 -1 -1 -1 -1 -1 -1 -1 -1 -1 -1 -1 -1 -1 -1 -1 -1 -1 -1 -1 -1 -1 -1 -1 -1 -1
32      -1 -1 -1 -1 -1 -1 -1 -1 -1 -1 -1 -1 -1 -1 -1 -1 -1 -1 -1 -1 -1 -1 -1 -1 -1 -1 -1 -1 -1 -1 -1 -1 -1 -1 -1 -1 -1 -1 -1 -1 -1 -1 -1 -1 -1 -1 -1 -1 -1 -1 -1 -1 -1 -1 -1 -1 -1 -1 -1 -1 -1 -1 -1 -1 -1 -1 -1 -1 -1 -1 -1 -1 -1 -1 -1 -1 -1 -1 -1 -1 -1 -1 -1 -1 -1 -1 -1 -1 -1 -1 -1 -1 -1 -1 -1 -1 -1 -1 -1 -1 -1 -1 -1 -1 -1 -1 -1 -1 -1 -1 -1 -1 -1 -1 -1 -1 -1 -1 -1 -1 -1 -1 -1 -1 -1 -1 -1 -1 -1 -1 -1 -1 -1 -1 -1 -1 -1 -1 -1 -1 -1 -1 -1 -1 -1 -1 -1 -1 -1 -1
33      -1 4 -1 6 -1 -1 -1 8 -1 5 5 -1 -1 -1 9 6 -1 -1 4 -1 -1 -1 -1 3 -1 8 2 -1 -1 6 -1 4 5 -1 11 10 -1 6 -1 4 8 5 2 -1 9 -1 -1 5 -1 -1 7 -1 -1 9 -1 10 -1 8 3 2 4 7 7 -1 12 -1 4 6 5 3 13 2 9 -1 6 -1 3 7 -1 -1 9 -1 7 -1 4 2 -1 5 -1 7 8 -1 -1 -1 3 -1 1 4 -1 -1 5 -1 -1 -1 -1 8 -1 -1 -1 3 5 -1 9 4 6 -1 -1 8 -1 6 5 9 9 -1 -1 -1 7 9 -1 -1 -1 -1 21 -1 4 -1 20 -1 17 16 -1 -1 -1 -1 14 22 -1 -1 14 -1
34      -1 6 -1 7 -1 -1 -1 8 -1 5 7 -1 -1 -1 10 9 -1 -1 3 -1 -1 -1 -1 5 -1 12 2 -1 -1 7 -1 1 5 -1 9 8 -1 3 -1 6 7 5 1 -1 11 -1 -1 4 -1 -1 8 -1 -1 13 -1 8 -1 11 4 5 5 9 3 -1 10 -1 3 5 7 5 11 1 9 -1 3 -1 2 2 -1 -1 9 -1 1 -1 2 2 -1 6 -1 6 5 -1 -1 -1 6 -1 1 7 -1 -1 2 -1 -1 -1 -1 6 -1 -1 -1 3 5 -1 7 6 6 -1 -1 4 -1 8 6 7 8 -1 -1 -1 6 11 -1 -1 -1 -1 22 -1 1 -1 20 -1 18 15 -1 -1 -1 -1 13 22 -1 -1 8 -1
35      -1 2 -1 7 -1 -1 -1 8 -1 8 5 -1 -1 -1 9 9 -1 -1 4 -1 -1 -1 -1 3 -1 7 2 -1 -1 6 -1 2 5 -1 6 10 -1 6 -1 6 7 6 2 -1 8 -1 -1 5 -1 -1 7 -1 -1 9 -1 9 -1 5 6 2 6 7 5 -1 12 -1 1 6 4 4 12 5 10 -1 5 -1 2 2 -1 -1 8 -1 4 -1 4 1 -1 5 -1 7 5 -1 -1 -1 7 -1 3 3 -1 -1 2 -1 -1 -1 -1 8 -1 -1 -1 3 8 -1 8 6 7 -1 -1 4 -1 5 5 7 6 -1 -1 -1 5 10 -1 -1 -1 -1 18 -1 3 -1 21 -1 20 17 -1 -1 -1 -1 13 24 -1 -1 7 -1
36      -1 -1 -1 -1 -1 -1 -1 -1 -1 -1 -1 -1 -1 -1 -1 -1 -1 -1 -1 -1 -1 -1 -1 -1 -1 -1 -1 -1 -1 -1 -1 -1 -1 -1 -1 -1 -1 -1 -1 -1 -1 -1 -1 -1 -1 -1 -1 -1 -1 -1 -1 -1 -1 -1 -1 -1 -1 -1 -1 -1 -1 -1 -1 -1 -1 -1 -1 -1 -1 -1 -1 -1 -1 -1 -1 -1 -1 -1 -1 -1 -1 -1 -1 -1 -1 -1 -1 -1 -1 -1 -1 -1 -1 -1 -1 -1 -1 -1 -1 -1 -1 -1 -1 -1 -1 -1 -1 -1 -1 -1 -1 -1 -1 -1 -1 -1 -1 -1 -1 -1 -1 -1 -1 -1 -1 -1 -1 -1 -1 -1 -1 -1 -1 -1 -1 -1 -1 -1 -1 -1 -1 -1 -1 -1 -1 -1 -1 -1 -1 -1
37      -1 -1 -1 -1 -1 -1 -1 -1 -1 -1 -1 -1 -1 -1 -1 -1 -1 -1 -1 -1 -1 -1 -1 -1 -1 -1 -1 -1 -1 -1 -1 -1 -1 -1 -1 -1 -1 -1 -1 -1 -1 -1 -1 -1 -1 -1 -1 -1 -1 -1 -1 -1 -1 -1 -1 -1 -1 -1 -1 -1 -1 -1 -1 -1 -1 -1 -1 -1 -1 -1 -1 -1 -1 -1 -1 -1 -1 -1 -1 -1 -1 -1 -1 -1 -1 -1 -1 -1 -1 -1 -1 -1 -1 -1 -1 -1 -1 -1 -1 -1 -1 -1 -1 -1 -1 -1 -1 -1 -1 -1 -1 -1 -1 -1 -1 -1 -1 -1 -1 -1 -1 -1 -1 -1 -1 -1 -1 -1 -1 -1 -1 -1 -1 -1 -1 -1 -1 -1 -1 -1 -1 -1 -1 -1 -1 -1 -1 -1 -1 -1
38      -1 -1 -1 -1 -1 -1 -1 -1 -1 -1 -1 -1 -1 -1 -1 -1 -1 -1 -1 -1 -1 -1 -1 -1 -1 -1 -1 -1 -1 -1 -1 -1 -1 -1 -1 -1 -1 -1 -1 -1 -1 -1 -1 -1 -1 -1 -1 -1 -1 -1 -1 -1 -1 -1 -1 -1 -1 -1 -1 -1 -1 -1 -1 -1 -1 -1 -1 -1 -1 -1 -1 -1 -1 -1 -1 -1 -1 -1 -1 -1 -1 -1 -1 -1 -1 -1 -1 -1 -1 -1 -1 -1 -1 -1 -1 -1 -1 -1 -1 -1 -1 -1 -1 -1 -1 -1 -1 -1 -1 -1 -1 -1 -1 -1 -1 -1 -1 -1 -1 -1 -1 -1 -1 -1 -1 -1 -1 -1 -1 -1 -1 -1 -1 -1 -1 -1 -1 -1 -1 -1 -1 -1 -1 -1 -1 -1 -1 -1 -1 -1
39      -1 -1 -1 -1 -1 -1 -1 -1 -1 -1 -1 -1 -1 -1 -1 -1 -1 -1 -1 -1 -1 -1 -1 -1 -1 -1 -1 -1 -1 -1 -1 -1 -1 -1 -1 -1 -1 -1 -1 -1 -1 -1 -1 -1 -1 -1 -1 -1 -1 -1 -1 -1 -1 -1 -1 -1 -1 -1 -1 -1 -1 -1 -1 -1 -1 -1 -1 -1 -1 -1 -1 -1 -1 -1 -1 -1 -1 -1 -1 -1 -1 -1 -1 -1 -1 -1 -1 -1 -1 -1 -1 -1 -1 -1 -1 -1 -1 -1 -1 -1 -1 -1 -1 -1 -1 -1 -1 -1 -1 -1 -1 -1 -1 -1 -1 -1 -1 -1 -1 -1 -1 -1 -1 -1 -1 -1 -1 -1 -1 -1 -1 -1 -1 -1 -1 -1 -1 -1 -1 -1 -1 -1 -1 -1 -1 -1 -1 -1 -1 -1
40      -1 6 -1 -1 7 9 2 -1 4 -1 -1 -1 5 8 10 8 -1 -1 3 7 -1 -1 -1 4 -1 8 2 7 11 -1 11 -1 5 -1 -1 7 -1 5 -1 -1 8 6 -1 -1 -1 -1 7 6 4 -1 -1 -1 -1 12 -1 -1 -1 -1 -1 2 6 -1 4 5 6 4 2 4 -1 4 -1 -1 -1 -1 3 5 2 5 7 -1 7 4 2 13 4 1 -1 -1 -1 -1 9 5 6 -1 6 3 -1 7 -1 -1 4 2 -1 2 5 -1 -1 -1 -1 2 -1 6 -1 -1 -1 -1 7 6 7 6 5 -1 -1 12 -1 16 5 9 21 14 -1 -1 -1 -1 -1 14 23 -1 -1 -1 -1 -1 -1 -1 -1 -1 -1 5 -1 -1
41      -1 4 -1 -1 6 8 5 -1 4 -1 -1 -1 5 5 5 7 -1 -1 4 11 -1 -1 -1 5 -1 9 3 5 8 -1 11 -1 5 -1 -1 10 -1 3 -1 -1 5 5 -1 -1 -1 -1 13 2 3 -1 -1 -1 -1 9 -1 -1 -1 -1 -1 2 3 -1 9 3 9 2 4 3 -1 3 -1 -1 -1 -1 5 4 3 6 6 -1 7 7 7 12 2 1 -1 -1 -1 -1 5 4 11 -1 7 3 -1 7 -1 -1 5 3 -1 2 6 -1 -1 -1 -1 2 -1 3 -1 -1 -1 -1 9 7 6 4 5 -1 -1 14 -1 19 7 9 20 14 -1 -1 -1 -1 -1 14 23 -1 -1 -1 -1 -1 -1 -1 -1 -1 -1 5 -1 -1
42      -1 -1 -1 -1 -1 -1 -1 -1 -1 -1 -1 -1 -1 -1 -1 -1 -1 -1 -1 -1 -1 -1 -1 -1 -1 -1 -1 -1 -1 -1 -1 -1 -1 -1 -1 -1 -1 -1 -1 -1 -1 -1 -1 -1 -1 -1 -1 -1 -1 -1 -1 -1 -1 -1 -1 -1 -1 -1 -1 -1 -1 -1 -1 -1 -1 -1 -1 -1 -1 -1 -1 -1 -1 -1 -1 -1 -1 -1 -1 -1 -1 -1 -1 -1 -1 -1 -1 -1 -1 -1 -1 -1 -1 -1 -1 -1 -1 -1 -1 -1 -1 -1 -1 -1 -1 -1 -1 -1 -1 -1 -1 -1 -1 -1 -1 -1 -1 -1 -1 -1 -1 -1 -1 -1 -1 -1 -1 -1 -1 -1 -1 -1 -1 -1 -1 -1 -1 -1 -1 -1 -1 -1 -1 -1 -1 -1 -1 -1 -1 -1
43      -1 -1 -1 -1 -1 -1 -1 -1 -1 -1 -1 -1 -1 -1 -1 -1 -1 -1 -1 -1 -1 -1 -1 -1 -1 -1 -1 -1 -1 -1 -1 -1 -1 -1 -1 -1 -1 -1 -1 -1 -1 -1 -1 -1 -1 -1 -1 -1 -1 -1 -1 -1 -1 -1 -1 -1 -1 -1 -1 -1 -1 -1 -1 -1 -1 -1 -1 -1 -1 -1 -1 -1 -1 -1 -1 -1 -1 -1 -1 -1 -1 -1 -1 -1 -1 -1 -1 -1 -1 -1 -1 -1 -1 -1 -1 -1 -1 -1 -1 -1 -1 -1 -1 -1 -1 -1 -1 -1 -1 -1 -1 -1 -1 -1 -1 -1 -1 -1 -1 -1 -1 -1 -1 -1 -1 -1 -1 -1 -1 -1 -1 -1 -1 -1 -1 -1 -1 -1 -1 -1 -1 -1 -1 -1 -1 -1 -1 -1 -1 -1
44      -1 -1 -1 -1 -1 -1 -1 -1 -1 -1 -1 -1 -1 -1 -1 -1 -1 -1 -1 -1 -1 -1 -1 -1 -1 -1 -1 -1 -1 -1 -1 -1 -1 -1 -1 -1 -1 -1 -1 -1 -1 -1 -1 -1 -1 -1 -1 -1 -1 -1 -1 -1 -1 -1 -1 -1 -1 -1 -1 -1 -1 -1 -1 -1 -1 -1 -1 -1 -1 -1 -1 -1 -1 -1 -1 -1 -1 -1 -1 -1 -1 -1 -1 -1 -1 -1 -1 -1 -1 -1 -1 -1 -1 -1 -1 -1 -1 -1 -1 -1 -1 -1 -1 -1 -1 -1 -1 -1 -1 -1 -1 -1 -1 -1 -1 -1 -1 -1 -1 -1 -1 -1 -1 -1 -1 -1 -1 -1 -1 -1 -1 -1 -1 -1 -1 -1 -1 -1 -1 -1 -1 -1 -1 -1 -1 -1 -1 -1 -1 -1
45      -1 -1 -1 -1 -1 -1 -1 -1 -1 -1 -1 -1 -1 -1 -1 -1 -1 -1 -1 -1 -1 -1 -1 -1 -1 -1 -1 -1 -1 -1 -1 -1 -1 -1 -1 -1 -1 -1 -1 -1 -1 -1 -1 -1 -1 -1 -1 -1 -1 -1 -1 -1 -1 -1 -1 -1 -1 -1 -1 -1 -1 -1 -1 -1 -1 -1 -1 -1 -1 -1 -1 -1 -1 -1 -1 -1 -1 -1 -1 -1 -1 -1 -1 -1 -1 -1 -1 -1 -1 -1 -1 -1 -1 -1 -1 -1 -1 -1 -1 -1 -1 -1 -1 -1 -1 -1 -1 -1 -1 -1 -1 -1 -1 -1 -1 -1 -1 -1 -1 -1 -1 -1 -1 -1 -1 -1 -1 -1 -1 -1 -1 -1 -1 -1 -1 -1 -1 -1 -1 -1 -1 -1 -1 -1 -1 -1 -1 -1 -1 -1
46      -1 -1 -1 -1 -1 -1 -1 -1 -1 -1 -1 -1 -1 -1 -1 -1 -1 -1 -1 -1 -1 -1 -1 -1 -1 -1 -1 -1 -1 -1 -1 -1 -1 -1 -1 -1 -1 -1 -1 -1 -1 -1 -1 -1 -1 -1 -1 -1 -1 -1 -1 -1 -1 -1 -1 -1 -1 -1 -1 -1 -1 -1 -1 -1 -1 -1 -1 -1 -1 -1 -1 -1 -1 -1 -1 -1 -1 -1 -1 -1 -1 -1 -1 -1 -1 -1 -1 -1 -1 -1 -1 -1 -1 -1 -1 -1 -1 -1 -1 -1 -1 -1 -1 -1 -1 -1 -1 -1 -1 -1 -1 -1 -1 -1 -1 -1 -1 -1 -1 -1 -1 -1 -1 -1 -1 -1 -1 -1 -1 -1 -1 -1 -1 -1 -1 -1 -1 -1 -1 -1 -1 -1 -1 -1 -1 -1 -1 -1 -1 -1
47      -1 -1 10 -1 5 -1 2 7 -1 -1 5 -1 -1 8 -1 -1 -1 6 -1 9 4 5 -1 5 6 -1 3 7 10 -1 -1 -1 -1 5 -1 -1 -1 -1 -1 -1 -1 -1 -1 6 12 7 10 -1 5 -1 8 6 -1 -1 -1 9 -1 10 -1 -1 -1 9 -1 5 -1 -1 -1 -1 -1 -1 9 -1 8 7 -1 -1 -1 -1 8 7 8 4 5 7 -1 2 -1 -1 4 -1 6 4 8 -1 -1 3 2 -1 -1 3 -1 -1 3 -1 5 -1 8 6 7 3 9 -1 9 6 -1 -1 -1 -1 -1 -1 -1 9 -1 11 9 17 -1 10 21 -1 23 -1 19 19 3 -1 -1 -1 -1 -1 -1 5 21 -1 -1 -1 -1 -1 -1 -1
48      -1 -1 7 -1 6 -1 3 5 -1 -1 6 -1 -1 8 -1 -1 -1 5 -1 9 5 7 -1 6 5 -1 3 6 10 -1 -1 -1 -1 5 -1 -1 -1 -1 -1 -1 -1 -1 -1 6 11 10 7 -1 2 -1 8 4 -1 -1 -1 7 -1 6 -1 -1 -1 8 -1 4 -1 -1 -1 -1 -1 -1 9 -1 10 5 -1 -1 -1 -1 7 11 7 4 7 11 -1 2 -1 -1 4 -1 9 4 8 -1 -1 3 4 -1 -1 4 -1 -1 5 -1 5 -1 7 4 9 3 7 -1 6 6 -1 -1 -1 -1 -1 -1 -1 6 -1 13 9 17 -1 11 20 -1 25 -1 22 19 4 -1 -1 -1 -1 -1 -1 4 21 -1 -1 -1 -1 -1 -1 -1
