MK4
njobs 15
nmac 8
nworker 6
sumop 102
meq 3
jobID  ops
1 7
2 6
3 6
4 6
5 5
6 5
7 7
8 5
9 6
10 6
11 7
12 6
13 6
14 7
15 6
TASK
TASKID    CapableMachine  Predecessors
1 [1, 8, 3]
2 [3, 6, 6] 1
3 [4, 3, 3] 1 2
4 [4, 1, 5] 1 2 3
5 [2, 2, 5] 1 2 3 4
6 [7, 5, 8] 1 2 3 4 5
7 [1, 4, 8] 1 2 3 4 5 6
8 [2, 6, 1]
9 [3, 7, 7] 8
10 [4, 8, 8] 8 9
11 [2, 8, 5] 8 9 10
12 [1, 6, 1] 8 9 10 11
13 [6, 1, 1] 8 9 10 11 12
14 [5, 8, 6]
15 [5, 7, 6] 14
16 [4, 7, 8] 14 15
17 [2, 8, 1] 14 15 16
18 [5, 7, 2] 14 15 16 17
19 [4, 1, 5] 14 15 16 17 18
20 [7, 4, 3]
21 [8, 5, 6] 20
22 [5, 2, 7] 20 21
23 [6, 4, 2] 20 21 22
24 [3, 1, 1] 20 21 22 23
25 [8, 2, 6] 20 21 22 23 24
26 [2, 6, 7]
27 [5, 7, 1] 26
28 [2, 7, 4] 26 27
29 [4, 7, 8] 26 27 28
30 [6, 1, 5] 26 27 28 29
31 [4, 1, 4]
32 [1, 8, 8] 31
33 [3, 8, 2] 31 32
34 [4, 7, 6] 31 32 33
35 [4, 7, 6] 31 32 33 34
36 [7, 3, 6]
37 [1, 2, 5] 36
38 [7, 4, 5] 36 37
39 [3, 7, 3] 36 37 38
40 [2, 8, 7] 36 37 38 39
41 [5, 6, 2] 36 37 38 39 40
42 [1, 8, 8] 36 37 38 39 40 41
43 [6, 3, 7]
44 [1, 6, 5] 43
45 [7, 4, 2] 43 44
46 [4, 3, 1] 43 44 45
47 [6, 7, 1] 43 44 45 46
48 [6, 8, 1]
49 [3, 5, 2] 48
50 [3, 3, 7] 48 49
51 [2, 6, 2] 48 49 50
52 [7, 7, 6] 48 49 50 51
53 [5, 3, 4] 48 49 50 51 52
54 [6, 4, 2]
55 [2, 8, 3] 54
56 [1, 2, 3] 54 55
57 [3, 7, 1] 54 55 56
58 [7, 6, 4] 54 55 56 57
59 [4, 2, 1] 54 55 56 57 58
60 [6, 1, 8]
61 [3, 4, 8] 60
62 [8, 1, 7] 60 61
63 [7, 4, 1] 60 61 62
64 [3, 8, 8] 60 61 62 63
65 [6, 4, 2] 60 61 62 63 64
66 [4, 2, 5] 60 61 62 63 64 65
67 [5, 3, 7]
68 [1, 7, 2] 67
69 [1, 5, 1] 67 68
70 [7, 2, 3] 67 68 69
71 [1, 4, 8] 67 68 69 70
72 [1, 8, 3] 67 68 69 70 71
73 [5, 4, 4]
74 [5, 7, 8] 73
75 [6, 2, 2] 73 74
76 [8, 1, 2] 73 74 75
77 [3, 4, 5] 73 74 75 76
78 [6, 5, 5] 73 74 75 76 77
79 [6, 3, 3]
80 [3, 1, 5] 79
81 [4, 8, 1] 79 80
82 [8, 2, 5] 79 80 81
83 [3, 7, 7] 79 80 81 82
84 [4, 2, 3] 79 80 81 82 83
85 [5, 2, 7] 79 80 81 82 83 84
86 [4, 1, 3]
87 [6, 5, 4] 86
88 [5, 3, 7] 86 87
89 [3, 4, 6] 86 87 88
90 [4, 8, 1] 86 87 88 89
91 [8, 6, 7] 86 87 88 89 90
Resource
resourceID  MachineID  WorkerID  exits
1 1 1 1
2 1 2 0
3 1 3 1
4 1 4 0
5 1 5 0
6 1 6 0
7 2 1 0
8 2 2 1
9 2 3 0
10 2 4 1
11 2 5 0
12 2 6 0
13 3 1 0
14 3 2 0
15 3 3 0
16 3 4 1
17 3 5 0
18 3 6 0
19 4 1 0
20 4 2 1
21 4 3 1
22 4 4 0
23 4 5 0
24 4 6 0
25 5 1 1
26 5 2 0
27 5 3 0
28 5 4 0
29 5 5 0
30 5 6 1
31 6 1 0
32 6 2 0
33 6 3 1
34 6 4 1
35 6 5 1
36 6 6 0
37 7 1 0
38 7 2 0
39 7 3 0
40 7 4 1
41 7 5 1
42 7 6 0
43 8 1 0
44 8 2 0
45 8 3 0
46 8 4 0
47 8 5 1
48 8 6 1
Duration
procTime  4  2  6  6  5  7  2  5  2  1  5  3  4  5  5  5  4  2  3  5  1  5  7  3  5  7  2  5  7  6  6  1  2  2  6  6  7  2  2  4  5  5  1  5  7  5  7  2  1  5  7  1  6  6  6  5  4  4  3  1  3  7  3  3  6  2  1  3  3  3  7  1  6  5  3  4  2  2  5  7  5  4  1  7  1  1  7  3  3  6  4  4  5  3  3  3  1  3  1  3  2  1  
diata  5  5  6  2  5  6  4  4  4  8  4  4  3  4  6  7  7  8  3  8  5  4  5  4  3  6  2  5  5  4  6  5  5  6  6  7  4  5  8  6  4  2  2  2  6  8  8  6  6  3  2  6  6  8  5  6  7  8  8  5  4  3  8  3  7  4  6  4  5  3  8  6  5  5  5  2  2  6  5  5  5  4  8  7  5  2  6  4  4  2  7  2  7  5  5  4  4  6  6  2  5  3  
ResID/OpID1  2  3  4  5  6  7  8  9  10  11  12  13  14  15  16  17  18  19  20  21  22  23  24  25  26  27  28  29  30  31  32  33  34  35  36  37  38  39  40  41  42  43  44  45  46  47  48  49  50  51  52  53  54  55  56  57  58  59  60  61  62  63  64  65  66  67  68  69  70  71  72  73  74  75  76  77  78  79  80  81  82  83  84  85  86  87  88  89  90  91  92  93  94  95  96  97  98  99  100  101  102  
1      6 -1 -1 6 -1 -1 5 6 -1 -1 -1 6 5 -1 -1 -1 5 -1 5 -1 -1 -1 -1 4 -1 -1 3 -1 -1 8 8 4 -1 -1 -1 -1 10 -1 -1 -1 -1 5 -1 6 -1 7 8 3 -1 -1 -1 -1 -1 -1 -1 9 7 -1 7 4 -1 7 5 -1 -1 -1 -1 6 3 -1 7 4 -1 -1 -1 4 -1 -1 -1 9 5 -1 -1 -1 -1 1 -1 -1 -1 7 -1 -1 -1 -1 -1 -1 -1 -1 -1 3 -1 -1
2      -1 -1 -1 -1 -1 -1 -1 -1 -1 -1 -1 -1 -1 -1 -1 -1 -1 -1 -1 -1 -1 -1 -1 -1 -1 -1 -1 -1 -1 -1 -1 -1 -1 -1 -1 -1 -1 -1 -1 -1 -1 -1 -1 -1 -1 -1 -1 -1 -1 -1 -1 -1 -1 -1 -1 -1 -1 -1 -1 -1 -1 -1 -1 -1 -1 -1 -1 -1 -1 -1 -1 -1 -1 -1 -1 -1 -1 -1 -1 -1 -1 -1 -1 -1 -1 -1 -1 -1 -1 -1 -1 -1 -1 -1 -1 -1 -1 -1 -1 -1 -1 -1
3      6 -1 -1 7 -1 -1 3 8 -1 -1 -1 4 4 -1 -1 -1 9 -1 4 -1 -1 -1 -1 5 -1 -1 2 -1 -1 6 7 5 -1 -1 -1 -1 10 -1 -1 -1 -1 6 -1 6 -1 5 12 2 -1 -1 -1 -1 -1 -1 -1 5 7 -1 4 2 -1 8 8 -1 -1 -1 -1 6 7 -1 8 1 -1 -1 -1 5 -1 -1 -1 8 8 -1 -1 -1 -1 2 -1 -1 -1 6 -1 -1 -1 -1 -1 -1 -1 -1 -1 4 -1 -1
4      -1 -1 -1 -1 -1 -1 -1 -1 -1 -1 -1 -1 -1 -1 -1 -1 -1 -1 -1 -1 -1 -1 -1 -1 -1 -1 -1 -1 -1 -1 -1 -1 -1 -1 -1 -1 -1 -1 -1 -1 -1 -1 -1 -1 -1 -1 -1 -1 -1 -1 -1 -1 -1 -1 -1 -1 -1 -1 -1 -1 -1 -1 -1 -1 -1 -1 -1 -1 -1 -1 -1 -1 -1 -1 -1 -1 -1 -1 -1 -1 -1 -1 -1 -1 -1 -1 -1 -1 -1 -1 -1 -1 -1 -1 -1 -1 -1 -1 -1 -1 -1 -1
5      -1 -1 -1 -1 -1 -1 -1 -1 -1 -1 -1 -1 -1 -1 -1 -1 -1 -1 -1 -1 -1 -1 -1 -1 -1 -1 -1 -1 -1 -1 -1 -1 -1 -1 -1 -1 -1 -1 -1 -1 -1 -1 -1 -1 -1 -1 -1 -1 -1 -1 -1 -1 -1 -1 -1 -1 -1 -1 -1 -1 -1 -1 -1 -1 -1 -1 -1 -1 -1 -1 -1 -1 -1 -1 -1 -1 -1 -1 -1 -1 -1 -1 -1 -1 -1 -1 -1 -1 -1 -1 -1 -1 -1 -1 -1 -1 -1 -1 -1 -1 -1 -1
6      -1 -1 -1 -1 -1 -1 -1 -1 -1 -1 -1 -1 -1 -1 -1 -1 -1 -1 -1 -1 -1 -1 -1 -1 -1 -1 -1 -1 -1 -1 -1 -1 -1 -1 -1 -1 -1 -1 -1 -1 -1 -1 -1 -1 -1 -1 -1 -1 -1 -1 -1 -1 -1 -1 -1 -1 -1 -1 -1 -1 -1 -1 -1 -1 -1 -1 -1 -1 -1 -1 -1 -1 -1 -1 -1 -1 -1 -1 -1 -1 -1 -1 -1 -1 -1 -1 -1 -1 -1 -1 -1 -1 -1 -1 -1 -1 -1 -1 -1 -1 -1 -1
7      -1 -1 -1 -1 -1 -1 -1 -1 -1 -1 -1 -1 -1 -1 -1 -1 -1 -1 -1 -1 -1 -1 -1 -1 -1 -1 -1 -1 -1 -1 -1 -1 -1 -1 -1 -1 -1 -1 -1 -1 -1 -1 -1 -1 -1 -1 -1 -1 -1 -1 -1 -1 -1 -1 -1 -1 -1 -1 -1 -1 -1 -1 -1 -1 -1 -1 -1 -1 -1 -1 -1 -1 -1 -1 -1 -1 -1 -1 -1 -1 -1 -1 -1 -1 -1 -1 -1 -1 -1 -1 -1 -1 -1 -1 -1 -1 -1 -1 -1 -1 -1 -1
8      -1 -1 -1 -1 8 -1 -1 8 -1 -1 6 -1 -1 -1 -1 -1 5 4 -1 -1 -1 8 9 -1 7 12 -1 6 -1 -1 -1 -1 6 -1 -1 -1 10 -1 -1 6 8 -1 -1 -1 9 -1 -1 -1 1 -1 7 -1 -1 6 9 8 -1 -1 5 -1 -1 -1 -1 -1 10 3 -1 5 -1 5 -1 -1 -1 -1 6 4 -1 -1 -1 -1 -1 6 -1 13 1 -1 -1 -1 -1 -1 -1 -1 6 7 -1 -1 -1 -1 3 -1 -1 2
9      -1 -1 -1 -1 -1 -1 -1 -1 -1 -1 -1 -1 -1 -1 -1 -1 -1 -1 -1 -1 -1 -1 -1 -1 -1 -1 -1 -1 -1 -1 -1 -1 -1 -1 -1 -1 -1 -1 -1 -1 -1 -1 -1 -1 -1 -1 -1 -1 -1 -1 -1 -1 -1 -1 -1 -1 -1 -1 -1 -1 -1 -1 -1 -1 -1 -1 -1 -1 -1 -1 -1 -1 -1 -1 -1 -1 -1 -1 -1 -1 -1 -1 -1 -1 -1 -1 -1 -1 -1 -1 -1 -1 -1 -1 -1 -1 -1 -1 -1 -1 -1 -1
10      -1 -1 -1 -1 9 -1 -1 7 -1 -1 7 -1 -1 -1 -1 -1 10 7 -1 -1 -1 7 9 -1 7 7 -1 8 -1 -1 -1 -1 2 -1 -1 -1 8 -1 -1 6 7 -1 -1 -1 8 -1 -1 -1 6 -1 8 -1 -1 6 9 5 -1 -1 10 -1 -1 -1 -1 -1 11 2 -1 6 -1 3 -1 -1 -1 -1 7 5 -1 -1 -1 -1 -1 4 -1 11 2 -1 -1 -1 -1 -1 -1 -1 8 4 -1 -1 -1 -1 1 -1 -1 2
11      -1 -1 -1 -1 -1 -1 -1 -1 -1 -1 -1 -1 -1 -1 -1 -1 -1 -1 -1 -1 -1 -1 -1 -1 -1 -1 -1 -1 -1 -1 -1 -1 -1 -1 -1 -1 -1 -1 -1 -1 -1 -1 -1 -1 -1 -1 -1 -1 -1 -1 -1 -1 -1 -1 -1 -1 -1 -1 -1 -1 -1 -1 -1 -1 -1 -1 -1 -1 -1 -1 -1 -1 -1 -1 -1 -1 -1 -1 -1 -1 -1 -1 -1 -1 -1 -1 -1 -1 -1 -1 -1 -1 -1 -1 -1 -1 -1 -1 -1 -1 -1 -1
12      -1 -1 -1 -1 -1 -1 -1 -1 -1 -1 -1 -1 -1 -1 -1 -1 -1 -1 -1 -1 -1 -1 -1 -1 -1 -1 -1 -1 -1 -1 -1 -1 -1 -1 -1 -1 -1 -1 -1 -1 -1 -1 -1 -1 -1 -1 -1 -1 -1 -1 -1 -1 -1 -1 -1 -1 -1 -1 -1 -1 -1 -1 -1 -1 -1 -1 -1 -1 -1 -1 -1 -1 -1 -1 -1 -1 -1 -1 -1 -1 -1 -1 -1 -1 -1 -1 -1 -1 -1 -1 -1 -1 -1 -1 -1 -1 -1 -1 -1 -1 -1 -1
13      -1 -1 -1 -1 -1 -1 -1 -1 -1 -1 -1 -1 -1 -1 -1 -1 -1 -1 -1 -1 -1 -1 -1 -1 -1 -1 -1 -1 -1 -1 -1 -1 -1 -1 -1 -1 -1 -1 -1 -1 -1 -1 -1 -1 -1 -1 -1 -1 -1 -1 -1 -1 -1 -1 -1 -1 -1 -1 -1 -1 -1 -1 -1 -1 -1 -1 -1 -1 -1 -1 -1 -1 -1 -1 -1 -1 -1 -1 -1 -1 -1 -1 -1 -1 -1 -1 -1 -1 -1 -1 -1 -1 -1 -1 -1 -1 -1 -1 -1 -1 -1 -1
14      -1 -1 -1 -1 -1 -1 -1 -1 -1 -1 -1 -1 -1 -1 -1 -1 -1 -1 -1 -1 -1 -1 -1 -1 -1 -1 -1 -1 -1 -1 -1 -1 -1 -1 -1 -1 -1 -1 -1 -1 -1 -1 -1 -1 -1 -1 -1 -1 -1 -1 -1 -1 -1 -1 -1 -1 -1 -1 -1 -1 -1 -1 -1 -1 -1 -1 -1 -1 -1 -1 -1 -1 -1 -1 -1 -1 -1 -1 -1 -1 -1 -1 -1 -1 -1 -1 -1 -1 -1 -1 -1 -1 -1 -1 -1 -1 -1 -1 -1 -1 -1 -1
15      -1 -1 -1 -1 -1 -1 -1 -1 -1 -1 -1 -1 -1 -1 -1 -1 -1 -1 -1 -1 -1 -1 -1 -1 -1 -1 -1 -1 -1 -1 -1 -1 -1 -1 -1 -1 -1 -1 -1 -1 -1 -1 -1 -1 -1 -1 -1 -1 -1 -1 -1 -1 -1 -1 -1 -1 -1 -1 -1 -1 -1 -1 -1 -1 -1 -1 -1 -1 -1 -1 -1 -1 -1 -1 -1 -1 -1 -1 -1 -1 -1 -1 -1 -1 -1 -1 -1 -1 -1 -1 -1 -1 -1 -1 -1 -1 -1 -1 -1 -1 -1 -1
16      8 2 11 -1 -1 -1 -1 -1 2 -1 -1 -1 -1 -1 -1 -1 -1 -1 -1 8 -1 -1 -1 6 -1 -1 -1 -1 -1 -1 -1 -1 3 -1 -1 11 -1 -1 7 -1 -1 -1 2 -1 -1 6 -1 -1 1 5 -1 -1 6 -1 8 6 10 -1 -1 -1 4 -1 -1 3 -1 -1 1 -1 -1 3 -1 2 -1 -1 -1 -1 2 -1 6 9 -1 -1 7 11 -1 1 -1 4 3 -1 -1 -1 -1 -1 -1 4 -1 8 -1 3 -1 2
17      -1 -1 -1 -1 -1 -1 -1 -1 -1 -1 -1 -1 -1 -1 -1 -1 -1 -1 -1 -1 -1 -1 -1 -1 -1 -1 -1 -1 -1 -1 -1 -1 -1 -1 -1 -1 -1 -1 -1 -1 -1 -1 -1 -1 -1 -1 -1 -1 -1 -1 -1 -1 -1 -1 -1 -1 -1 -1 -1 -1 -1 -1 -1 -1 -1 -1 -1 -1 -1 -1 -1 -1 -1 -1 -1 -1 -1 -1 -1 -1 -1 -1 -1 -1 -1 -1 -1 -1 -1 -1 -1 -1 -1 -1 -1 -1 -1 -1 -1 -1 -1 -1
18      -1 -1 -1 -1 -1 -1 -1 -1 -1 -1 -1 -1 -1 -1 -1 -1 -1 -1 -1 -1 -1 -1 -1 -1 -1 -1 -1 -1 -1 -1 -1 -1 -1 -1 -1 -1 -1 -1 -1 -1 -1 -1 -1 -1 -1 -1 -1 -1 -1 -1 -1 -1 -1 -1 -1 -1 -1 -1 -1 -1 -1 -1 -1 -1 -1 -1 -1 -1 -1 -1 -1 -1 -1 -1 -1 -1 -1 -1 -1 -1 -1 -1 -1 -1 -1 -1 -1 -1 -1 -1 -1 -1 -1 -1 -1 -1 -1 -1 -1 -1 -1 -1
19      -1 -1 -1 -1 -1 -1 -1 -1 -1 -1 -1 -1 -1 -1 -1 -1 -1 -1 -1 -1 -1 -1 -1 -1 -1 -1 -1 -1 -1 -1 -1 -1 -1 -1 -1 -1 -1 -1 -1 -1 -1 -1 -1 -1 -1 -1 -1 -1 -1 -1 -1 -1 -1 -1 -1 -1 -1 -1 -1 -1 -1 -1 -1 -1 -1 -1 -1 -1 -1 -1 -1 -1 -1 -1 -1 -1 -1 -1 -1 -1 -1 -1 -1 -1 -1 -1 -1 -1 -1 -1 -1 -1 -1 -1 -1 -1 -1 -1 -1 -1 -1 -1
20      -1 -1 7 6 -1 -1 4 -1 -1 8 -1 -1 -1 -1 -1 11 -1 -1 5 9 -1 -1 11 -1 -1 -1 -1 8 8 -1 10 -1 -1 4 9 -1 -1 3 -1 -1 -1 -1 -1 -1 8 11 -1 -1 -1 -1 -1 -1 10 9 -1 -1 -1 5 4 -1 6 -1 9 -1 6 4 -1 -1 -1 -1 12 -1 9 -1 -1 -1 2 -1 -1 -1 6 -1 -1 10 -1 2 12 -1 3 6 -1 -1 -1 7 7 -1 -1 -1 -1 -1 -1 -1
21      -1 -1 9 7 -1 -1 4 -1 -1 6 -1 -1 -1 -1 -1 5 -1 -1 3 6 -1 -1 11 -1 -1 -1 -1 7 11 -1 10 -1 -1 5 9 -1 -1 3 -1 -1 -1 -1 -1 -1 8 6 -1 -1 -1 -1 -1 -1 6 7 -1 -1 -1 8 5 -1 5 -1 5 -1 8 4 -1 -1 -1 -1 10 -1 9 -1 -1 -1 2 -1 -1 -1 7 -1 -1 13 -1 1 12 -1 3 6 -1 -1 -1 6 3 -1 -1 -1 -1 -1 -1 -1
22      -1 -1 -1 -1 -1 -1 -1 -1 -1 -1 -1 -1 -1 -1 -1 -1 -1 -1 -1 -1 -1 -1 -1 -1 -1 -1 -1 -1 -1 -1 -1 -1 -1 -1 -1 -1 -1 -1 -1 -1 -1 -1 -1 -1 -1 -1 -1 -1 -1 -1 -1 -1 -1 -1 -1 -1 -1 -1 -1 -1 -1 -1 -1 -1 -1 -1 -1 -1 -1 -1 -1 -1 -1 -1 -1 -1 -1 -1 -1 -1 -1 -1 -1 -1 -1 -1 -1 -1 -1 -1 -1 -1 -1 -1 -1 -1 -1 -1 -1 -1 -1 -1
23      -1 -1 -1 -1 -1 -1 -1 -1 -1 -1 -1 -1 -1 -1 -1 -1 -1 -1 -1 -1 -1 -1 -1 -1 -1 -1 -1 -1 -1 -1 -1 -1 -1 -1 -1 -1 -1 -1 -1 -1 -1 -1 -1 -1 -1 -1 -1 -1 -1 -1 -1 -1 -1 -1 -1 -1 -1 -1 -1 -1 -1 -1 -1 -1 -1 -1 -1 -1 -1 -1 -1 -1 -1 -1 -1 -1 -1 -1 -1 -1 -1 -1 -1 -1 -1 -1 -1 -1 -1 -1 -1 -1 -1 -1 -1 -1 -1 -1 -1 -1 -1 -1
24      -1 -1 -1 -1 -1 -1 -1 -1 -1 -1 -1 -1 -1 -1 -1 -1 -1 -1 -1 -1 -1 -1 -1 -1 -1 -1 -1 -1 -1 -1 -1 -1 -1 -1 -1 -1 -1 -1 -1 -1 -1 -1 -1 -1 -1 -1 -1 -1 -1 -1 -1 -1 -1 -1 -1 -1 -1 -1 -1 -1 -1 -1 -1 -1 -1 -1 -1 -1 -1 -1 -1 -1 -1 -1 -1 -1 -1 -1 -1 -1 -1 -1 -1 -1 -1 -1 -1 -1 -1 -1 -1 -1 -1 -1 -1 -1 -1 -1 -1 -1 -1 -1
25      -1 -1 -1 7 7 10 -1 -1 -1 -1 5 -1 -1 7 5 -1 -1 6 4 -1 4 7 -1 -1 -1 -1 2 -1 -1 9 -1 -1 -1 -1 -1 -1 8 2 -1 -1 8 -1 -1 6 -1 -1 -1 -1 2 -1 -1 -1 8 -1 -1 -1 -1 -1 -1 -1 -1 -1 -1 -1 -1 5 4 -1 4 -1 -1 -1 6 9 -1 -1 2 2 -1 10 -1 6 -1 -1 2 -1 11 3 -1 -1 -1 5 -1 -1 -1 4 4 -1 1 3 -1 -1
26      -1 -1 -1 -1 -1 -1 -1 -1 -1 -1 -1 -1 -1 -1 -1 -1 -1 -1 -1 -1 -1 -1 -1 -1 -1 -1 -1 -1 -1 -1 -1 -1 -1 -1 -1 -1 -1 -1 -1 -1 -1 -1 -1 -1 -1 -1 -1 -1 -1 -1 -1 -1 -1 -1 -1 -1 -1 -1 -1 -1 -1 -1 -1 -1 -1 -1 -1 -1 -1 -1 -1 -1 -1 -1 -1 -1 -1 -1 -1 -1 -1 -1 -1 -1 -1 -1 -1 -1 -1 -1 -1 -1 -1 -1 -1 -1 -1 -1 -1 -1 -1 -1
27      -1 -1 -1 -1 -1 -1 -1 -1 -1 -1 -1 -1 -1 -1 -1 -1 -1 -1 -1 -1 -1 -1 -1 -1 -1 -1 -1 -1 -1 -1 -1 -1 -1 -1 -1 -1 -1 -1 -1 -1 -1 -1 -1 -1 -1 -1 -1 -1 -1 -1 -1 -1 -1 -1 -1 -1 -1 -1 -1 -1 -1 -1 -1 -1 -1 -1 -1 -1 -1 -1 -1 -1 -1 -1 -1 -1 -1 -1 -1 -1 -1 -1 -1 -1 -1 -1 -1 -1 -1 -1 -1 -1 -1 -1 -1 -1 -1 -1 -1 -1 -1 -1
28      -1 -1 -1 -1 -1 -1 -1 -1 -1 -1 -1 -1 -1 -1 -1 -1 -1 -1 -1 -1 -1 -1 -1 -1 -1 -1 -1 -1 -1 -1 -1 -1 -1 -1 -1 -1 -1 -1 -1 -1 -1 -1 -1 -1 -1 -1 -1 -1 -1 -1 -1 -1 -1 -1 -1 -1 -1 -1 -1 -1 -1 -1 -1 -1 -1 -1 -1 -1 -1 -1 -1 -1 -1 -1 -1 -1 -1 -1 -1 -1 -1 -1 -1 -1 -1 -1 -1 -1 -1 -1 -1 -1 -1 -1 -1 -1 -1 -1 -1 -1 -1 -1
29      -1 -1 -1 -1 -1 -1 -1 -1 -1 -1 -1 -1 -1 -1 -1 -1 -1 -1 -1 -1 -1 -1 -1 -1 -1 -1 -1 -1 -1 -1 -1 -1 -1 -1 -1 -1 -1 -1 -1 -1 -1 -1 -1 -1 -1 -1 -1 -1 -1 -1 -1 -1 -1 -1 -1 -1 -1 -1 -1 -1 -1 -1 -1 -1 -1 -1 -1 -1 -1 -1 -1 -1 -1 -1 -1 -1 -1 -1 -1 -1 -1 -1 -1 -1 -1 -1 -1 -1 -1 -1 -1 -1 -1 -1 -1 -1 -1 -1 -1 -1 -1 -1
30      -1 -1 -1 7 6 8 -1 -1 -1 -1 7 -1 -1 6 7 -1 -1 5 5 -1 1 7 -1 -1 -1 -1 2 -1 -1 7 -1 -1 -1 -1 -1 -1 10 3 -1 -1 5 -1 -1 6 -1 -1 -1 -1 3 -1 -1 -1 7 -1 -1 -1 -1 -1 -1 -1 -1 -1 -1 -1 -1 5 1 -1 5 -1 -1 -1 7 8 -1 -1 2 6 -1 8 -1 7 -1 -1 1 -1 12 6 -1 -1 -1 4 -1 -1 -1 3 4 -1 2 3 -1 -1
31      -1 -1 -1 -1 -1 -1 -1 -1 -1 -1 -1 -1 -1 -1 -1 -1 -1 -1 -1 -1 -1 -1 -1 -1 -1 -1 -1 -1 -1 -1 -1 -1 -1 -1 -1 -1 -1 -1 -1 -1 -1 -1 -1 -1 -1 -1 -1 -1 -1 -1 -1 -1 -1 -1 -1 -1 -1 -1 -1 -1 -1 -1 -1 -1 -1 -1 -1 -1 -1 -1 -1 -1 -1 -1 -1 -1 -1 -1 -1 -1 -1 -1 -1 -1 -1 -1 -1 -1 -1 -1 -1 -1 -1 -1 -1 -1 -1 -1 -1 -1 -1 -1
32      -1 -1 -1 -1 -1 -1 -1 -1 -1 -1 -1 -1 -1 -1 -1 -1 -1 -1 -1 -1 -1 -1 -1 -1 -1 -1 -1 -1 -1 -1 -1 -1 -1 -1 -1 -1 -1 -1 -1 -1 -1 -1 -1 -1 -1 -1 -1 -1 -1 -1 -1 -1 -1 -1 -1 -1 -1 -1 -1 -1 -1 -1 -1 -1 -1 -1 -1 -1 -1 -1 -1 -1 -1 -1 -1 -1 -1 -1 -1 -1 -1 -1 -1 -1 -1 -1 -1 -1 -1 -1 -1 -1 -1 -1 -1 -1 -1 -1 -1 -1 -1 -1
33      -1 6 -1 -1 -1 -1 -1 5 -1 -1 -1 4 5 7 6 -1 -1 -1 -1 -1 1 -1 9 -1 7 7 -1 -1 -1 7 -1 -1 -1 5 6 10 -1 -1 -1 -1 7 -1 1 6 -1 -1 10 7 -1 -1 7 4 -1 12 -1 -1 -1 5 -1 3 -1 -1 -1 -1 11 -1 -1 -1 -1 -1 -1 -1 -1 -1 3 -1 -1 4 6 -1 -1 -1 -1 -1 -1 -1 8 -1 3 -1 5 4 -1 6 -1 -1 -1 4 -1 -1 -1 -1
34      -1 6 -1 -1 -1 -1 -1 5 -1 -1 -1 5 4 8 7 -1 -1 -1 -1 -1 1 -1 8 -1 7 7 -1 -1 -1 9 -1 -1 -1 4 9 11 -1 -1 -1 -1 8 -1 1 5 -1 -1 8 7 -1 -1 7 1 -1 8 -1 -1 -1 7 -1 1 -1 -1 -1 -1 6 -1 -1 -1 -1 -1 -1 -1 -1 -1 3 -1 -1 2 5 -1 -1 -1 -1 -1 -1 -1 12 -1 6 -1 8 4 -1 3 -1 -1 -1 8 -1 -1 -1 -1
35      -1 2 -1 -1 -1 -1 -1 5 -1 -1 -1 6 5 8 6 -1 -1 -1 -1 -1 3 -1 11 -1 5 11 -1 -1 -1 7 -1 -1 -1 2 6 11 -1 -1 -1 -1 5 -1 1 6 -1 -1 11 2 -1 -1 7 5 -1 8 -1 -1 -1 4 -1 3 -1 -1 -1 -1 6 -1 -1 -1 -1 -1 -1 -1 -1 -1 3 -1 -1 2 9 -1 -1 -1 -1 -1 -1 -1 11 -1 5 -1 5 4 -1 4 -1 -1 -1 3 -1 -1 -1 -1
36      -1 -1 -1 -1 -1 -1 -1 -1 -1 -1 -1 -1 -1 -1 -1 -1 -1 -1 -1 -1 -1 -1 -1 -1 -1 -1 -1 -1 -1 -1 -1 -1 -1 -1 -1 -1 -1 -1 -1 -1 -1 -1 -1 -1 -1 -1 -1 -1 -1 -1 -1 -1 -1 -1 -1 -1 -1 -1 -1 -1 -1 -1 -1 -1 -1 -1 -1 -1 -1 -1 -1 -1 -1 -1 -1 -1 -1 -1 -1 -1 -1 -1 -1 -1 -1 -1 -1 -1 -1 -1 -1 -1 -1 -1 -1 -1 -1 -1 -1 -1 -1 -1
37      -1 -1 -1 -1 -1 -1 -1 -1 -1 -1 -1 -1 -1 -1 -1 -1 -1 -1 -1 -1 -1 -1 -1 -1 -1 -1 -1 -1 -1 -1 -1 -1 -1 -1 -1 -1 -1 -1 -1 -1 -1 -1 -1 -1 -1 -1 -1 -1 -1 -1 -1 -1 -1 -1 -1 -1 -1 -1 -1 -1 -1 -1 -1 -1 -1 -1 -1 -1 -1 -1 -1 -1 -1 -1 -1 -1 -1 -1 -1 -1 -1 -1 -1 -1 -1 -1 -1 -1 -1 -1 -1 -1 -1 -1 -1 -1 -1 -1 -1 -1 -1 -1
38      -1 -1 -1 -1 -1 -1 -1 -1 -1 -1 -1 -1 -1 -1 -1 -1 -1 -1 -1 -1 -1 -1 -1 -1 -1 -1 -1 -1 -1 -1 -1 -1 -1 -1 -1 -1 -1 -1 -1 -1 -1 -1 -1 -1 -1 -1 -1 -1 -1 -1 -1 -1 -1 -1 -1 -1 -1 -1 -1 -1 -1 -1 -1 -1 -1 -1 -1 -1 -1 -1 -1 -1 -1 -1 -1 -1 -1 -1 -1 -1 -1 -1 -1 -1 -1 -1 -1 -1 -1 -1 -1 -1 -1 -1 -1 -1 -1 -1 -1 -1 -1 -1
39      -1 -1 -1 -1 -1 -1 -1 -1 -1 -1 -1 -1 -1 -1 -1 -1 -1 -1 -1 -1 -1 -1 -1 -1 -1 -1 -1 -1 -1 -1 -1 -1 -1 -1 -1 -1 -1 -1 -1 -1 -1 -1 -1 -1 -1 -1 -1 -1 -1 -1 -1 -1 -1 -1 -1 -1 -1 -1 -1 -1 -1 -1 -1 -1 -1 -1 -1 -1 -1 -1 -1 -1 -1 -1 -1 -1 -1 -1 -1 -1 -1 -1 -1 -1 -1 -1 -1 -1 -1 -1 -1 -1 -1 -1 -1 -1 -1 -1 -1 -1 -1 -1
40      -1 -1 -1 -1 -1 8 -1 -1 2 -1 -1 -1 -1 -1 8 7 -1 2 -1 5 -1 6 -1 -1 -1 7 2 8 10 -1 -1 -1 -1 5 7 6 -1 6 5 6 -1 -1 1 -1 11 -1 11 -1 -1 6 -1 4 -1 -1 -1 -1 8 4 -1 -1 -1 9 3 -1 -1 -1 5 4 -1 4 -1 -1 -1 6 -1 -1 -1 -1 -1 -1 -1 -1 3 -1 5 -1 -1 3 -1 -1 10 -1 8 -1 4 -1 2 -1 -1 -1 2 2
41      -1 -1 -1 -1 -1 12 -1 -1 3 -1 -1 -1 -1 -1 8 6 -1 4 -1 8 -1 6 -1 -1 -1 7 2 5 11 -1 -1 -1 -1 7 10 10 -1 5 8 8 -1 -1 2 -1 8 -1 9 -1 -1 7 -1 4 -1 -1 -1 -1 10 11 -1 -1 -1 8 7 -1 -1 -1 4 6 -1 4 -1 -1 -1 9 -1 -1 -1 -1 -1 -1 -1 -1 4 -1 1 -1 -1 3 -1 -1 4 -1 7 -1 7 -1 3 -1 -1 -1 3 3
42      -1 -1 -1 -1 -1 -1 -1 -1 -1 -1 -1 -1 -1 -1 -1 -1 -1 -1 -1 -1 -1 -1 -1 -1 -1 -1 -1 -1 -1 -1 -1 -1 -1 -1 -1 -1 -1 -1 -1 -1 -1 -1 -1 -1 -1 -1 -1 -1 -1 -1 -1 -1 -1 -1 -1 -1 -1 -1 -1 -1 -1 -1 -1 -1 -1 -1 -1 -1 -1 -1 -1 -1 -1 -1 -1 -1 -1 -1 -1 -1 -1 -1 -1 -1 -1 -1 -1 -1 -1 -1 -1 -1 -1 -1 -1 -1 -1 -1 -1 -1 -1 -1
43      -1 -1 -1 -1 -1 -1 -1 -1 -1 -1 -1 -1 -1 -1 -1 -1 -1 -1 -1 -1 -1 -1 -1 -1 -1 -1 -1 -1 -1 -1 -1 -1 -1 -1 -1 -1 -1 -1 -1 -1 -1 -1 -1 -1 -1 -1 -1 -1 -1 -1 -1 -1 -1 -1 -1 -1 -1 -1 -1 -1 -1 -1 -1 -1 -1 -1 -1 -1 -1 -1 -1 -1 -1 -1 -1 -1 -1 -1 -1 -1 -1 -1 -1 -1 -1 -1 -1 -1 -1 -1 -1 -1 -1 -1 -1 -1 -1 -1 -1 -1 -1 -1
44      -1 -1 -1 -1 -1 -1 -1 -1 -1 -1 -1 -1 -1 -1 -1 -1 -1 -1 -1 -1 -1 -1 -1 -1 -1 -1 -1 -1 -1 -1 -1 -1 -1 -1 -1 -1 -1 -1 -1 -1 -1 -1 -1 -1 -1 -1 -1 -1 -1 -1 -1 -1 -1 -1 -1 -1 -1 -1 -1 -1 -1 -1 -1 -1 -1 -1 -1 -1 -1 -1 -1 -1 -1 -1 -1 -1 -1 -1 -1 -1 -1 -1 -1 -1 -1 -1 -1 -1 -1 -1 -1 -1 -1 -1 -1 -1 -1 -1 -1 -1 -1 -1
45      -1 -1 -1 -1 -1 -1 -1 -1 -1 -1 -1 -1 -1 -1 -1 -1 -1 -1 -1 -1 -1 -1 -1 -1 -1 -1 -1 -1 -1 -1 -1 -1 -1 -1 -1 -1 -1 -1 -1 -1 -1 -1 -1 -1 -1 -1 -1 -1 -1 -1 -1 -1 -1 -1 -1 -1 -1 -1 -1 -1 -1 -1 -1 -1 -1 -1 -1 -1 -1 -1 -1 -1 -1 -1 -1 -1 -1 -1 -1 -1 -1 -1 -1 -1 -1 -1 -1 -1 -1 -1 -1 -1 -1 -1 -1 -1 -1 -1 -1 -1 -1 -1
46      -1 -1 -1 -1 -1 -1 -1 -1 -1 -1 -1 -1 -1 -1 -1 -1 -1 -1 -1 -1 -1 -1 -1 -1 -1 -1 -1 -1 -1 -1 -1 -1 -1 -1 -1 -1 -1 -1 -1 -1 -1 -1 -1 -1 -1 -1 -1 -1 -1 -1 -1 -1 -1 -1 -1 -1 -1 -1 -1 -1 -1 -1 -1 -1 -1 -1 -1 -1 -1 -1 -1 -1 -1 -1 -1 -1 -1 -1 -1 -1 -1 -1 -1 -1 -1 -1 -1 -1 -1 -1 -1 -1 -1 -1 -1 -1 -1 -1 -1 -1 -1 -1
47      8 -1 -1 -1 -1 12 5 -1 -1 6 5 -1 -1 8 -1 7 8 -1 -1 -1 2 -1 -1 -1 6 -1 -1 -1 11 -1 -1 1 4 -1 -1 -1 -1 -1 -1 4 -1 5 -1 -1 -1 -1 -1 6 -1 -1 -1 -1 -1 -1 10 -1 -1 -1 -1 3 3 7 -1 3 -1 -1 -1 -1 -1 -1 10 5 -1 7 -1 4 -1 -1 -1 -1 9 5 -1 -1 -1 -1 -1 -1 -1 6 6 -1 9 -1 -1 3 -1 -1 -1 -1 3 -1
48      7 -1 -1 -1 -1 8 5 -1 -1 1 5 -1 -1 7 -1 5 6 -1 -1 -1 1 -1 -1 -1 7 -1 -1 -1 9 -1 -1 3 6 -1 -1 -1 -1 -1 -1 5 -1 6 -1 -1 -1 -1 -1 7 -1 -1 -1 -1 -1 -1 10 -1 -1 -1 -1 1 5 8 -1 3 -1 -1 -1 -1 -1 -1 10 3 -1 8 -1 5 -1 -1 -1 -1 7 5 -1 -1 -1 -1 -1 -1 -1 7 5 -1 9 -1 -1 5 -1 -1 -1 -1 3 -1
