MK5
njobs 15
nmac 4
nworker 3
sumop 131
meq 2
jobID  ops
1 7
2 6
3 6
4 6
5 5
6 5
7 7
8 5
9 6
10 6
11 7
12 6
13 6
14 7
15 6
TASK
TASKID    CapableMachine  Predecessors
1 [2, 4]
2 [1, 2] 1
3 [4, 2] 1 2
4 [2, 2] 1 2 3
5 [4, 1] 1 2 3 4
6 [3, 2] 1 2 3 4 5
7 [3, 1] 1 2 3 4 5 6
8 [2, 2]
9 [1, 2] 8
10 [1, 3] 8 9
11 [3, 4] 8 9 10
12 [2, 1] 8 9 10 11
13 [4, 3] 8 9 10 11 12
14 [4, 3]
15 [4, 2] 14
16 [1, 1] 14 15
17 [3, 2] 14 15 16
18 [2, 1] 14 15 16 17
19 [2, 1] 14 15 16 17 18
20 [1, 2]
21 [3, 2] 20
22 [1, 2] 20 21
23 [2, 1] 20 21 22
24 [3, 2] 20 21 22 23
25 [2, 4] 20 21 22 23 24
26 [1, 1]
27 [2, 3] 26
28 [1, 4] 26 27
29 [4, 2] 26 27 28
30 [2, 1] 26 27 28 29
31 [1, 3]
32 [4, 3] 31
33 [4, 4] 31 32
34 [1, 3] 31 32 33
35 [2, 2] 31 32 33 34
36 [2, 4]
37 [2, 1] 36
38 [1, 3] 36 37
39 [3, 2] 36 37 38
40 [3, 1] 36 37 38 39
41 [2, 3] 36 37 38 39 40
42 [1, 2] 36 37 38 39 40 41
43 [4, 4]
44 [2, 3] 43
45 [1, 1] 43 44
46 [3, 4] 43 44 45
47 [4, 2] 43 44 45 46
48 [2, 3]
49 [1, 1] 48
50 [1, 1] 48 49
51 [3, 3] 48 49 50
52 [4, 1] 48 49 50 51
53 [3, 2] 48 49 50 51 52
54 [4, 4]
55 [3, 1] 54
56 [1, 1] 54 55
57 [4, 3] 54 55 56
58 [4, 4] 54 55 56 57
59 [2, 2] 54 55 56 57 58
60 [3, 1]
61 [4, 2] 60
62 [2, 3] 60 61
63 [3, 3] 60 61 62
64 [4, 1] 60 61 62 63
65 [1, 2] 60 61 62 63 64
66 [3, 1] 60 61 62 63 64 65
67 [3, 4]
68 [2, 2] 67
69 [2, 2] 67 68
70 [4, 3] 67 68 69
71 [1, 2] 67 68 69 70
72 [4, 4] 67 68 69 70 71
73 [3, 1]
74 [2, 1] 73
75 [4, 2] 73 74
76 [4, 2] 73 74 75
77 [2, 3] 73 74 75 76
78 [1, 1] 73 74 75 76 77
79 [1, 2]
80 [3, 1] 79
81 [3, 4] 79 80
82 [2, 1] 79 80 81
83 [3, 3] 79 80 81 82
84 [4, 1] 79 80 81 82 83
85 [1, 4] 79 80 81 82 83 84
86 [1, 1]
87 [2, 1] 86
88 [1, 3] 86 87
89 [4, 1] 86 87 88
90 [2, 2] 86 87 88 89
91 [4, 1] 86 87 88 89 90
Resource
resourceID  MachineID  WorkerID  exits
1 1 1 1
2 1 2 0
3 1 3 1
4 2 1 0
5 2 2 1
6 2 3 1
7 3 1 1
8 3 2 0
9 3 3 1
10 4 1 1
11 4 2 1
12 4 3 0
Duration
procTime  4  2  6  6  5  7  2  5  2  1  5  3  4  5  5  5  4  2  3  5  1  5  7  3  5  7  2  5  7  6  6  1  2  2  6  6  7  2  2  4  5  5  1  5  7  5  7  2  1  5  7  1  6  6  6  5  4  4  3  1  3  7  3  3  6  2  1  3  3  3  7  1  6  5  3  4  2  2  5  7  5  4  1  7  1  1  7  3  3  6  4  4  5  3  3  3  1  3  1  3  2  1  3  1  4  5  7  3  7  2  5  2  2  4  6  3  7  3  6  4  5  6  5  7  9  16  3  9  20  13  18  
diata  5  5  6  2  5  6  4  4  4  8  4  4  3  4  6  7  7  8  3  8  5  4  5  4  3  6  2  5  5  4  6  5  5  6  6  7  4  5  8  6  4  2  2  2  6  8  8  6  6  3  2  6  6  8  5  6  7  8  8  5  4  3  8  3  7  4  6  4  5  3  8  6  5  5  5  2  2  6  5  5  5  4  8  7  5  2  6  4  4  2  7  2  7  5  5  4  4  6  6  2  5  3  3  2  3  5  2  7  3  2  5  6  8  4  3  3  4  6  2  5  2  4  5  8  6  6  7  3  2  2  8  
ResID/OpID1  2  3  4  5  6  7  8  9  10  11  12  13  14  15  16  17  18  19  20  21  22  23  24  25  26  27  28  29  30  31  32  33  34  35  36  37  38  39  40  41  42  43  44  45  46  47  48  49  50  51  52  53  54  55  56  57  58  59  60  61  62  63  64  65  66  67  68  69  70  71  72  73  74  75  76  77  78  79  80  81  82  83  84  85  86  87  88  89  90  91  92  93  94  95  96  97  98  99  100  101  102  103  104  105  106  107  108  109  110  111  112  113  114  115  116  117  118  119  120  121  122  123  124  125  126  127  128  129  130  131  
1      -1 6 -1 -1 7 -1 3 -1 3 4 -1 3 -1 -1 -1 11 -1 2 3 11 -1 7 8 -1 -1 8 -1 9 -1 7 7 -1 -1 5 -1 -1 7 3 -1 7 -1 6 -1 -1 10 -1 -1 -1 2 5 -1 1 -1 -1 6 8 -1 -1 -1 1 -1 -1 -1 4 10 2 -1 -1 -1 -1 9 -1 9 5 -1 -1 -1 6 8 11 -1 4 -1 10 2 1 11 5 5 -1 8 -1 -1 -1 7 5 -1 -1 -1 4 -1 -1 5 -1 -1 -1 8 -1 8 2 -1 -1 -1 -1 -1 -1 8 -1 -1 5 6 6 -1 -1 13 19 -1 11 20 -1 20
2      -1 -1 -1 -1 -1 -1 -1 -1 -1 -1 -1 -1 -1 -1 -1 -1 -1 -1 -1 -1 -1 -1 -1 -1 -1 -1 -1 -1 -1 -1 -1 -1 -1 -1 -1 -1 -1 -1 -1 -1 -1 -1 -1 -1 -1 -1 -1 -1 -1 -1 -1 -1 -1 -1 -1 -1 -1 -1 -1 -1 -1 -1 -1 -1 -1 -1 -1 -1 -1 -1 -1 -1 -1 -1 -1 -1 -1 -1 -1 -1 -1 -1 -1 -1 -1 -1 -1 -1 -1 -1 -1 -1 -1 -1 -1 -1 -1 -1 -1 -1 -1 -1 -1 -1 -1 -1 -1 -1 -1 -1 -1 -1 -1 -1 -1 -1 -1 -1 -1 -1 -1 -1 -1 -1 -1 -1 -1 -1 -1 -1 -1
3      -1 3 -1 -1 5 -1 2 -1 3 1 -1 4 -1 -1 -1 5 -1 2 3 7 -1 8 11 -1 -1 11 -1 5 -1 8 6 -1 -1 3 -1 -1 10 3 -1 8 -1 6 -1 -1 9 -1 -1 -1 1 7 -1 5 -1 -1 10 10 -1 -1 -1 4 -1 -1 -1 3 10 3 -1 -1 -1 -1 10 -1 9 5 -1 -1 -1 5 6 9 -1 4 -1 8 3 1 9 4 6 -1 10 -1 -1 -1 3 6 -1 -1 -1 4 -1 -1 4 -1 -1 -1 7 -1 7 3 -1 -1 -1 -1 -1 -1 7 -1 -1 4 6 8 -1 -1 9 21 -1 9 20 -1 22
4      -1 -1 -1 -1 -1 -1 -1 -1 -1 -1 -1 -1 -1 -1 -1 -1 -1 -1 -1 -1 -1 -1 -1 -1 -1 -1 -1 -1 -1 -1 -1 -1 -1 -1 -1 -1 -1 -1 -1 -1 -1 -1 -1 -1 -1 -1 -1 -1 -1 -1 -1 -1 -1 -1 -1 -1 -1 -1 -1 -1 -1 -1 -1 -1 -1 -1 -1 -1 -1 -1 -1 -1 -1 -1 -1 -1 -1 -1 -1 -1 -1 -1 -1 -1 -1 -1 -1 -1 -1 -1 -1 -1 -1 -1 -1 -1 -1 -1 -1 -1 -1 -1 -1 -1 -1 -1 -1 -1 -1 -1 -1 -1 -1 -1 -1 -1 -1 -1 -1 -1 -1 -1 -1 -1 -1 -1 -1 -1 -1 -1 -1
5      4 6 6 7 -1 10 -1 6 2 -1 -1 4 -1 -1 6 -1 10 2 4 11 4 8 10 4 6 -1 2 -1 8 7 -1 -1 -1 -1 7 12 7 -1 4 -1 6 5 -1 5 -1 -1 11 5 -1 -1 -1 -1 6 -1 -1 -1 -1 -1 10 -1 4 8 -1 -1 10 -1 -1 5 4 -1 8 -1 -1 9 7 5 3 -1 9 -1 -1 5 -1 -1 -1 -1 10 -1 -1 6 -1 -1 11 4 -1 6 4 -1 -1 -1 6 -1 -1 1 -1 8 -1 6 -1 -1 7 -1 4 -1 -1 -1 -1 -1 -1 -1 -1 8 5 -1 -1 -1 8 -1 -1 14 21
6      5 2 11 6 -1 11 -1 8 2 -1 -1 3 -1 -1 9 -1 9 7 4 7 5 7 7 4 6 -1 3 -1 7 6 -1 -1 -1 -1 9 10 10 -1 9 -1 7 6 -1 6 -1 -1 13 2 -1 -1 -1 -1 11 -1 -1 -1 -1 -1 5 -1 6 7 -1 -1 9 -1 -1 6 5 -1 7 -1 -1 7 3 4 2 -1 7 -1 -1 5 -1 -1 -1 -1 10 -1 -1 6 -1 -1 6 5 -1 3 2 -1 -1 -1 3 -1 -1 1 -1 6 -1 6 -1 -1 5 -1 7 -1 -1 -1 -1 -1 -1 -1 -1 7 8 -1 -1 -1 3 -1 -1 14 25
7      -1 -1 -1 -1 -1 7 2 -1 -1 3 8 -1 5 7 -1 -1 8 -1 -1 -1 2 -1 -1 6 -1 -1 2 -1 -1 -1 11 1 -1 6 -1 -1 -1 6 5 8 6 -1 -1 6 -1 12 -1 5 -1 -1 8 -1 9 -1 10 -1 9 -1 -1 4 -1 9 9 -1 -1 4 4 -1 -1 5 -1 -1 8 -1 -1 -1 3 -1 -1 8 6 -1 5 -1 -1 -1 -1 4 -1 -1 -1 5 11 -1 -1 -1 4 -1 -1 -1 -1 2 3 -1 4 6 -1 3 -1 -1 6 5 8 6 -1 3 9 -1 7 4 -1 -1 -1 7 12 18 -1 11 -1 -1 -1
8      -1 -1 -1 -1 -1 -1 -1 -1 -1 -1 -1 -1 -1 -1 -1 -1 -1 -1 -1 -1 -1 -1 -1 -1 -1 -1 -1 -1 -1 -1 -1 -1 -1 -1 -1 -1 -1 -1 -1 -1 -1 -1 -1 -1 -1 -1 -1 -1 -1 -1 -1 -1 -1 -1 -1 -1 -1 -1 -1 -1 -1 -1 -1 -1 -1 -1 -1 -1 -1 -1 -1 -1 -1 -1 -1 -1 -1 -1 -1 -1 -1 -1 -1 -1 -1 -1 -1 -1 -1 -1 -1 -1 -1 -1 -1 -1 -1 -1 -1 -1 -1 -1 -1 -1 -1 -1 -1 -1 -1 -1 -1 -1 -1 -1 -1 -1 -1 -1 -1 -1 -1 -1 -1 -1 -1 -1 -1 -1 -1 -1 -1
9      -1 -1 -1 -1 -1 12 2 -1 -1 2 8 -1 5 6 -1 -1 8 -1 -1 -1 5 -1 -1 5 -1 -1 3 -1 -1 -1 8 3 -1 3 -1 -1 -1 6 2 4 6 -1 -1 6 -1 9 -1 7 -1 -1 7 -1 6 -1 10 -1 6 -1 -1 2 -1 7 7 -1 -1 3 3 -1 -1 4 -1 -1 8 -1 -1 -1 2 -1 -1 9 9 -1 3 -1 -1 -1 -1 3 -1 -1 -1 5 10 -1 -1 -1 4 -1 -1 -1 -1 3 5 -1 6 7 -1 3 -1 -1 9 2 6 4 -1 5 9 -1 7 6 -1 -1 -1 9 9 19 -1 10 -1 -1 -1
10      6 -1 9 -1 9 -1 -1 -1 -1 -1 8 -1 4 6 9 -1 -1 -1 -1 -1 -1 -1 -1 -1 7 -1 -1 7 10 -1 -1 3 4 -1 -1 8 -1 -1 -1 -1 -1 -1 1 -1 -1 8 11 -1 -1 -1 -1 1 -1 10 -1 -1 4 9 -1 -1 6 -1 -1 5 -1 -1 6 -1 -1 3 -1 5 -1 -1 6 5 -1 -1 -1 -1 5 -1 -1 13 3 -1 -1 -1 3 -1 8 5 -1 4 3 -1 -1 5 1 3 -1 2 -1 -1 5 -1 -1 -1 9 -1 -1 5 -1 7 6 4 -1 6 7 -1 5 -1 6 -1 -1 -1 8 -1 21 14 -1
11      5 -1 10 -1 8 -1 -1 -1 -1 -1 8 -1 6 5 9 -1 -1 -1 -1 -1 -1 -1 -1 -1 5 -1 -1 5 8 -1 -1 5 4 -1 -1 7 -1 -1 -1 -1 -1 -1 2 -1 -1 8 13 -1 -1 -1 -1 2 -1 12 -1 -1 10 8 -1 -1 5 -1 -1 3 -1 -1 1 -1 -1 4 -1 2 -1 -1 3 4 -1 -1 -1 -1 5 -1 -1 9 4 -1 -1 -1 4 -1 8 5 -1 4 5 -1 -1 8 4 4 -1 1 -1 -1 6 -1 -1 -1 9 -1 -1 6 -1 7 7 5 -1 6 7 -1 6 -1 6 -1 -1 -1 8 -1 20 13 -1
12      -1 -1 -1 -1 -1 -1 -1 -1 -1 -1 -1 -1 -1 -1 -1 -1 -1 -1 -1 -1 -1 -1 -1 -1 -1 -1 -1 -1 -1 -1 -1 -1 -1 -1 -1 -1 -1 -1 -1 -1 -1 -1 -1 -1 -1 -1 -1 -1 -1 -1 -1 -1 -1 -1 -1 -1 -1 -1 -1 -1 -1 -1 -1 -1 -1 -1 -1 -1 -1 -1 -1 -1 -1 -1 -1 -1 -1 -1 -1 -1 -1 -1 -1 -1 -1 -1 -1 -1 -1 -1 -1 -1 -1 -1 -1 -1 -1 -1 -1 -1 -1 -1 -1 -1 -1 -1 -1 -1 -1 -1 -1 -1 -1 -1 -1 -1 -1 -1 -1 -1 -1 -1 -1 -1 -1 -1 -1 -1 -1 -1 -1
