MK7
njobs 20
nmac 5
nworker 4
sumop 100
meq 5
jobID  ops
1 7
2 6
3 6
4 6
5 5
6 5
7 7
8 5
9 6
10 6
11 7
12 6
13 6
14 7
15 6
16 6
17 6
18 7
19 7
20 5
TASK
TASKID    CapableMachine  Predecessors
1 [1, 5, 3, 4, 4]
2 [3, 5, 1, 1, 3] 1
3 [1, 1, 1, 4, 5] 1 2
4 [4, 3, 4, 5, 2] 1 2 3
5 [3, 5, 1, 5, 4] 1 2 3 4
6 [2, 1, 1, 5, 1] 1 2 3 4 5
7 [3, 5, 2, 3, 4] 1 2 3 4 5 6
8 [3, 2, 1, 4, 1]
9 [5, 4, 5, 3, 4] 8
10 [1, 1, 2, 3, 5] 8 9
11 [1, 1, 3, 4, 2] 8 9 10
12 [5, 5, 1, 2, 5] 8 9 10 11
13 [4, 1, 3, 2, 3] 8 9 10 11 12
14 [3, 4, 3, 2, 3]
15 [1, 4, 3, 4, 4] 14
16 [1, 4, 4, 3, 4] 14 15
17 [2, 2, 1, 4, 5] 14 15 16
18 [3, 2, 1, 1, 4] 14 15 16 17
19 [2, 1, 1, 2, 2] 14 15 16 17 18
20 [3, 2, 1, 5, 4]
21 [4, 3, 3, 5, 4] 20
22 [3, 1, 1, 5, 1] 20 21
23 [4, 4, 3, 1, 1] 20 21 22
24 [3, 4, 3, 1, 4] 20 21 22 23
25 [2, 2, 4, 4, 4] 20 21 22 23 24
26 [5, 4, 3, 3, 4]
27 [1, 2, 3, 4, 5] 26
28 [1, 2, 4, 5, 4] 26 27
29 [2, 4, 5, 1, 2] 26 27 28
30 [5, 2, 4, 1, 4] 26 27 28 29
31 [5, 2, 4, 3, 3]
32 [5, 2, 5, 3, 3] 31
33 [4, 4, 2, 4, 2] 31 32
34 [2, 1, 3, 2, 2] 31 32 33
35 [4, 4, 1, 2, 5] 31 32 33 34
36 [3, 2, 3, 4, 4]
37 [1, 5, 1, 2, 2] 36
38 [2, 1, 1, 4, 1] 36 37
39 [2, 5, 1, 4, 1] 36 37 38
40 [1, 5, 3, 3, 3] 36 37 38 39
41 [3, 2, 3, 5, 5] 36 37 38 39 40
42 [3, 1, 3, 3, 2] 36 37 38 39 40 41
43 [2, 3, 5, 4, 1]
44 [2, 2, 5, 2, 3] 43
45 [2, 3, 5, 1, 1] 43 44
46 [1, 5, 3, 4, 4] 43 44 45
47 [1, 3, 1, 4, 3] 43 44 45 46
48 [4, 3, 2, 5, 5]
49 [4, 1, 5, 2, 4] 48
50 [4, 3, 1, 5, 2] 48 49
51 [4, 4, 5, 4, 4] 48 49 50
52 [5, 3, 3, 5, 4] 48 49 50 51
53 [4, 2, 4, 4, 5] 48 49 50 51 52
54 [3, 2, 5, 2, 2]
55 [3, 2, 3, 2, 4] 54
56 [5, 2, 1, 5, 3] 54 55
57 [5, 2, 2, 3, 2] 54 55 56
58 [5, 3, 1, 1, 3] 54 55 56 57
59 [1, 2, 2, 1, 5] 54 55 56 57 58
60 [1, 2, 2, 1, 2]
61 [5, 1, 5, 5, 4] 60
62 [5, 5, 4, 4, 1] 60 61
63 [4, 1, 5, 4, 3] 60 61 62
64 [1, 1, 1, 4, 5] 60 61 62 63
65 [2, 5, 5, 3, 2] 60 61 62 63 64
66 [1, 1, 5, 4, 2] 60 61 62 63 64 65
67 [5, 5, 1, 2, 4]
68 [3, 4, 1, 3, 5] 67
69 [2, 1, 1, 1, 1] 67 68
70 [2, 1, 3, 4, 5] 67 68 69
71 [4, 4, 2, 5, 3] 67 68 69 70
72 [4, 5, 4, 2, 5] 67 68 69 70 71
73 [5, 2, 2, 3, 3]
74 [1, 5, 3, 2, 1] 73
75 [3, 1, 2, 5, 4] 73 74
76 [5, 1, 5, 1, 2] 73 74 75
77 [2, 2, 5, 4, 1] 73 74 75 76
78 [5, 4, 5, 2, 5] 73 74 75 76 77
79 [2, 4, 5, 5, 2]
80 [2, 1, 1, 4, 4] 79
81 [5, 2, 5, 3, 5] 79 80
82 [5, 3, 1, 2, 3] 79 80 81
83 [1, 3, 1, 1, 2] 79 80 81 82
84 [2, 4, 5, 3, 2] 79 80 81 82 83
85 [4, 2, 5, 3, 5] 79 80 81 82 83 84
86 [1, 3, 4, 3, 5]
87 [3, 2, 5, 5, 2] 86
88 [2, 1, 5, 2, 3] 86 87
89 [2, 5, 2, 3, 4] 86 87 88
90 [1, 4, 2, 3, 2] 86 87 88 89
91 [3, 3, 5, 1, 3] 86 87 88 89 90
92 [1, 1, 2, 1, 4]
93 [4, 5, 2, 1, 3] 92
94 [2, 1, 5, 5, 5] 92 93
95 [5, 5, 5, 1, 4] 92 93 94
96 [1, 4, 1, 1, 5] 92 93 94 95
97 [4, 4, 4, 4, 3] 92 93 94 95 96
98 [3, 2, 1, 5, 1]
99 [3, 4, 2, 1, 3] 98
100 [5, 4, 5, 5, 1] 98 99
101 [12, 13, 13, 13, 2] 98 99 100
102 [14, 9, 14, 4, 10] 98 99 100 101
103 [6, 1, 8, 4, 1] 98 99 100 101 102
104 [1, 4, 9, 4, 1]
105 [15, 9, 6, 14, 1] 104
106 [3, 4, 11, 7, 9] 104 105
107 [15, 15, 13, 1, 6] 104 105 106
108 [9, 13, 8, 5, 15] 104 105 106 107
109 [8, 11, 2, 1, 1] 104 105 106 107 108
110 [14, 2, 11, 4, 9] 104 105 106 107 108 109
111 [8, 13, 10, 2, 2]
112 [6, 11, 9, 5, 1] 111
113 [11, 14, 15, 1, 9] 111 112
114 [3, 3, 7, 13, 5] 111 112 113
115 [2, 3, 11, 7, 12] 111 112 113 114
116 [4, 4, 1, 2, 11] 111 112 113 114 115
117 [1, 11, 8, 4, 4] 111 112 113 114 115 116
118 [9, 12, 7, 1, 6]
119 [13, 15, 1, 8, 12] 118
120 [15, 2, 5, 12, 15] 118 119
121 [10, 11, 7, 11, 6] 118 119 120
122 [7, 10, 12, 6, 2] 118 119 120 121
Resource
resourceID  MachineID  WorkerID  exits
1 1 1 1
2 1 2 0
3 1 3 0
4 1 4 1
5 2 1 0
6 2 2 1
7 2 3 0
8 2 4 1
9 3 1 1
10 3 2 0
11 3 3 1
12 3 4 0
13 4 1 0
14 4 2 1
15 4 3 1
16 4 4 0
17 5 1 1
18 5 2 0
19 5 3 0
20 5 4 1
Duration
procTime  4  2  6  6  5  7  2  5  2  1  5  3  4  5  5  5  4  2  3  5  1  5  7  3  5  7  2  5  7  6  6  1  2  2  6  6  7  2  2  4  5  5  1  5  7  5  7  2  1  5  7  1  6  6  6  5  4  4  3  1  3  7  3  3  6  2  1  3  3  3  7  1  6  5  3  4  2  2  5  7  5  4  1  7  1  1  7  3  3  6  4  4  5  3  3  3  1  3  1  3  
diata  5  5  6  2  5  6  4  4  4  8  4  4  3  4  6  7  7  8  3  8  5  4  5  4  3  6  2  5  5  4  6  5  5  6  6  7  4  5  8  6  4  2  2  2  6  8  8  6  6  3  2  6  6  8  5  6  7  8  8  5  4  3  8  3  7  4  6  4  5  3  8  6  5  5  5  2  2  6  5  5  5  4  8  7  5  2  6  4  4  2  7  2  7  5  5  4  4  6  6  2  
ResID/OpID1  2  3  4  5  6  7  8  9  10  11  12  13  14  15  16  17  18  19  20  21  22  23  24  25  26  27  28  29  30  31  32  33  34  35  36  37  38  39  40  41  42  43  44  45  46  47  48  49  50  51  52  53  54  55  56  57  58  59  60  61  62  63  64  65  66  67  68  69  70  71  72  73  74  75  76  77  78  79  80  81  82  83  84  85  86  87  88  89  90  91  92  93  94  95  96  97  98  99  100  
1      7 2 8 -1 7 7 -1 7 -1 5 5 3 6 -1 5 7 5 8 4 9 -1 8 7 6 -1 -1 2 7 8 7 -1 -1 -1 3 7 -1 10 6 7 7 -1 6 1 -1 8 6 11 -1 1 5 -1 -1 -1 -1 -1 5 -1 10 3 2 3 9 9 4 -1 4 1 5 7 3 -1 -1 -1 9 3 5 2 -1 -1 7 -1 5 1 -1 -1 2 -1 5 -1 7 5 4 8 3 6 5 -1 5 3 4
2      -1 -1 -1 -1 -1 -1 -1 -1 -1 -1 -1 -1 -1 -1 -1 -1 -1 -1 -1 -1 -1 -1 -1 -1 -1 -1 -1 -1 -1 -1 -1 -1 -1 -1 -1 -1 -1 -1 -1 -1 -1 -1 -1 -1 -1 -1 -1 -1 -1 -1 -1 -1 -1 -1 -1 -1 -1 -1 -1 -1 -1 -1 -1 -1 -1 -1 -1 -1 -1 -1 -1 -1 -1 -1 -1 -1 -1 -1 -1 -1 -1 -1 -1 -1 -1 -1 -1 -1 -1 -1 -1 -1 -1 -1 -1 -1 -1 -1 -1 -1
3      -1 -1 -1 -1 -1 -1 -1 -1 -1 -1 -1 -1 -1 -1 -1 -1 -1 -1 -1 -1 -1 -1 -1 -1 -1 -1 -1 -1 -1 -1 -1 -1 -1 -1 -1 -1 -1 -1 -1 -1 -1 -1 -1 -1 -1 -1 -1 -1 -1 -1 -1 -1 -1 -1 -1 -1 -1 -1 -1 -1 -1 -1 -1 -1 -1 -1 -1 -1 -1 -1 -1 -1 -1 -1 -1 -1 -1 -1 -1 -1 -1 -1 -1 -1 -1 -1 -1 -1 -1 -1 -1 -1 -1 -1 -1 -1 -1 -1 -1 -1
4      6 6 11 -1 7 8 -1 7 -1 8 8 4 4 -1 7 7 8 6 4 9 -1 6 7 3 -1 -1 3 8 8 6 -1 -1 -1 2 7 -1 8 2 4 4 -1 6 1 -1 11 10 9 -1 3 6 -1 -1 -1 -1 -1 9 -1 11 10 1 6 8 5 5 -1 2 4 3 7 5 -1 -1 -1 6 5 5 2 -1 -1 8 -1 6 2 -1 -1 2 -1 5 -1 6 5 4 6 7 5 6 -1 4 6 4
5      -1 -1 -1 -1 -1 -1 -1 -1 -1 -1 -1 -1 -1 -1 -1 -1 -1 -1 -1 -1 -1 -1 -1 -1 -1 -1 -1 -1 -1 -1 -1 -1 -1 -1 -1 -1 -1 -1 -1 -1 -1 -1 -1 -1 -1 -1 -1 -1 -1 -1 -1 -1 -1 -1 -1 -1 -1 -1 -1 -1 -1 -1 -1 -1 -1 -1 -1 -1 -1 -1 -1 -1 -1 -1 -1 -1 -1 -1 -1 -1 -1 -1 -1 -1 -1 -1 -1 -1 -1 -1 -1 -1 -1 -1 -1 -1 -1 -1 -1 -1
6      -1 -1 -1 6 -1 8 4 8 -1 4 5 4 6 5 -1 -1 8 8 3 9 -1 -1 -1 -1 7 -1 3 9 10 8 9 4 4 5 9 6 9 6 3 -1 8 6 2 6 7 -1 -1 4 2 6 -1 -1 9 11 8 10 9 -1 6 3 -1 -1 -1 -1 8 3 3 -1 6 4 10 4 7 8 7 5 3 4 5 10 5 6 2 9 2 -1 10 6 6 7 -1 4 7 3 -1 -1 -1 4 1 -1
7      -1 -1 -1 -1 -1 -1 -1 -1 -1 -1 -1 -1 -1 -1 -1 -1 -1 -1 -1 -1 -1 -1 -1 -1 -1 -1 -1 -1 -1 -1 -1 -1 -1 -1 -1 -1 -1 -1 -1 -1 -1 -1 -1 -1 -1 -1 -1 -1 -1 -1 -1 -1 -1 -1 -1 -1 -1 -1 -1 -1 -1 -1 -1 -1 -1 -1 -1 -1 -1 -1 -1 -1 -1 -1 -1 -1 -1 -1 -1 -1 -1 -1 -1 -1 -1 -1 -1 -1 -1 -1 -1 -1 -1 -1 -1 -1 -1 -1 -1 -1
8      -1 -1 -1 6 -1 12 4 6 -1 1 7 6 4 7 -1 -1 6 5 4 11 -1 -1 -1 -1 5 -1 2 9 10 6 6 1 6 4 6 9 7 4 3 -1 7 5 1 5 9 -1 -1 2 1 7 -1 -1 9 7 8 5 9 -1 5 5 -1 -1 -1 -1 6 2 5 -1 7 5 8 5 6 9 7 4 3 3 8 7 5 6 4 10 2 -1 10 5 4 7 -1 5 11 4 -1 -1 -1 4 1 -1
9      6 6 -1 7 9 -1 3 5 3 4 6 -1 6 6 9 10 -1 2 -1 10 3 7 7 4 -1 7 2 -1 -1 -1 6 4 -1 6 -1 8 -1 -1 -1 5 8 5 2 5 9 6 7 7 -1 5 -1 2 -1 10 6 7 6 10 -1 -1 -1 -1 5 -1 8 -1 -1 6 -1 5 8 -1 10 6 6 -1 -1 -1 -1 -1 7 6 7 10 4 2 10 3 4 7 5 -1 9 -1 -1 -1 2 6 1 -1
10      -1 -1 -1 -1 -1 -1 -1 -1 -1 -1 -1 -1 -1 -1 -1 -1 -1 -1 -1 -1 -1 -1 -1 -1 -1 -1 -1 -1 -1 -1 -1 -1 -1 -1 -1 -1 -1 -1 -1 -1 -1 -1 -1 -1 -1 -1 -1 -1 -1 -1 -1 -1 -1 -1 -1 -1 -1 -1 -1 -1 -1 -1 -1 -1 -1 -1 -1 -1 -1 -1 -1 -1 -1 -1 -1 -1 -1 -1 -1 -1 -1 -1 -1 -1 -1 -1 -1 -1 -1 -1 -1 -1 -1 -1 -1 -1 -1 -1 -1 -1
11      4 4 -1 7 7 -1 5 5 2 6 5 -1 4 5 5 11 -1 7 -1 9 5 7 11 4 -1 7 2 -1 -1 -1 8 4 -1 7 -1 7 -1 -1 -1 7 7 5 1 6 9 12 11 3 -1 6 -1 4 -1 6 6 6 7 10 -1 -1 -1 -1 10 -1 7 -1 -1 5 -1 5 7 -1 7 6 3 -1 -1 -1 -1 -1 7 6 6 11 1 1 12 3 4 7 6 -1 8 -1 -1 -1 1 4 6 -1
12      -1 -1 -1 -1 -1 -1 -1 -1 -1 -1 -1 -1 -1 -1 -1 -1 -1 -1 -1 -1 -1 -1 -1 -1 -1 -1 -1 -1 -1 -1 -1 -1 -1 -1 -1 -1 -1 -1 -1 -1 -1 -1 -1 -1 -1 -1 -1 -1 -1 -1 -1 -1 -1 -1 -1 -1 -1 -1 -1 -1 -1 -1 -1 -1 -1 -1 -1 -1 -1 -1 -1 -1 -1 -1 -1 -1 -1 -1 -1 -1 -1 -1 -1 -1 -1 -1 -1 -1 -1 -1 -1 -1 -1 -1 -1 -1 -1 -1 -1 -1
13      -1 -1 -1 -1 -1 -1 -1 -1 -1 -1 -1 -1 -1 -1 -1 -1 -1 -1 -1 -1 -1 -1 -1 -1 -1 -1 -1 -1 -1 -1 -1 -1 -1 -1 -1 -1 -1 -1 -1 -1 -1 -1 -1 -1 -1 -1 -1 -1 -1 -1 -1 -1 -1 -1 -1 -1 -1 -1 -1 -1 -1 -1 -1 -1 -1 -1 -1 -1 -1 -1 -1 -1 -1 -1 -1 -1 -1 -1 -1 -1 -1 -1 -1 -1 -1 -1 -1 -1 -1 -1 -1 -1 -1 -1 -1 -1 -1 -1 -1 -1
14      6 -1 11 7 6 -1 3 8 4 -1 8 -1 5 6 6 9 4 3 -1 8 3 -1 11 6 5 10 3 5 11 9 7 -1 2 -1 7 10 -1 6 2 -1 -1 -1 2 -1 -1 7 10 6 4 6 8 1 9 -1 10 -1 -1 -1 -1 -1 5 9 3 4 -1 4 1 4 -1 5 12 6 -1 -1 5 -1 3 4 7 11 -1 -1 -1 13 2 2 -1 -1 6 6 -1 4 11 -1 4 6 1 -1 6 4
15      7 -1 6 6 9 -1 5 5 2 -1 7 -1 4 5 8 8 4 3 -1 5 1 -1 8 5 6 12 2 6 9 6 9 -1 3 -1 8 8 -1 2 9 -1 -1 -1 2 -1 -1 11 10 3 5 7 8 2 9 -1 9 -1 -1 -1 -1 -1 3 9 9 3 -1 3 5 4 -1 3 14 5 -1 -1 3 -1 3 2 5 9 -1 -1 -1 7 4 2 -1 -1 6 6 -1 4 8 -1 7 5 1 -1 2 3
16      -1 -1 -1 -1 -1 -1 -1 -1 -1 -1 -1 -1 -1 -1 -1 -1 -1 -1 -1 -1 -1 -1 -1 -1 -1 -1 -1 -1 -1 -1 -1 -1 -1 -1 -1 -1 -1 -1 -1 -1 -1 -1 -1 -1 -1 -1 -1 -1 -1 -1 -1 -1 -1 -1 -1 -1 -1 -1 -1 -1 -1 -1 -1 -1 -1 -1 -1 -1 -1 -1 -1 -1 -1 -1 -1 -1 -1 -1 -1 -1 -1 -1 -1 -1 -1 -1 -1 -1 -1 -1 -1 -1 -1 -1 -1 -1 -1 -1 -1 -1
17      7 2 7 6 9 12 5 -1 4 6 -1 3 -1 -1 -1 -1 7 -1 -1 12 4 5 -1 -1 -1 12 3 8 9 8 8 4 -1 -1 6 -1 10 -1 3 4 8 -1 2 6 12 7 -1 7 1 7 7 1 6 13 -1 5 9 7 10 -1 3 7 6 3 7 5 3 5 -1 5 7 5 8 8 5 4 2 7 7 -1 5 7 -1 10 5 2 9 6 3 -1 7 -1 8 4 5 6 -1 4 -1 4
18      -1 -1 -1 -1 -1 -1 -1 -1 -1 -1 -1 -1 -1 -1 -1 -1 -1 -1 -1 -1 -1 -1 -1 -1 -1 -1 -1 -1 -1 -1 -1 -1 -1 -1 -1 -1 -1 -1 -1 -1 -1 -1 -1 -1 -1 -1 -1 -1 -1 -1 -1 -1 -1 -1 -1 -1 -1 -1 -1 -1 -1 -1 -1 -1 -1 -1 -1 -1 -1 -1 -1 -1 -1 -1 -1 -1 -1 -1 -1 -1 -1 -1 -1 -1 -1 -1 -1 -1 -1 -1 -1 -1 -1 -1 -1 -1 -1 -1 -1 -1
19      -1 -1 -1 -1 -1 -1 -1 -1 -1 -1 -1 -1 -1 -1 -1 -1 -1 -1 -1 -1 -1 -1 -1 -1 -1 -1 -1 -1 -1 -1 -1 -1 -1 -1 -1 -1 -1 -1 -1 -1 -1 -1 -1 -1 -1 -1 -1 -1 -1 -1 -1 -1 -1 -1 -1 -1 -1 -1 -1 -1 -1 -1 -1 -1 -1 -1 -1 -1 -1 -1 -1 -1 -1 -1 -1 -1 -1 -1 -1 -1 -1 -1 -1 -1 -1 -1 -1 -1 -1 -1 -1 -1 -1 -1 -1 -1 -1 -1 -1 -1
20      4 2 9 7 6 12 3 -1 2 2 -1 6 -1 -1 -1 -1 8 -1 -1 5 4 8 -1 -1 -1 9 2 9 7 9 10 4 -1 -1 6 -1 9 -1 3 9 8 -1 2 5 12 6 -1 6 2 6 7 2 10 6 -1 9 9 10 3 -1 6 8 7 3 6 3 5 4 -1 3 14 1 8 5 4 5 3 7 7 -1 7 7 -1 8 4 1 8 5 6 -1 5 -1 8 7 3 4 -1 6 -1 4
