MK9
njobs 20
nmac 10
nworker 6
sumop 251
meq 5
jobID  ops
1 7
2 6
3 6
4 6
5 5
6 5
7 7
8 5
9 6
10 6
11 7
12 6
13 6
14 7
15 6
16 6
17 6
18 7
19 7
20 5
TASK
TASKID    CapableMachine  Predecessors
1 [10, 8, 10, 9, 2]
2 [10, 2, 8, 1, 10] 1
3 [8, 9, 6, 10, 5] 1 2
4 [3, 9, 10, 3, 2] 1 2 3
5 [10, 3, 1, 6, 5] 1 2 3 4
6 [9, 4, 5, 8, 3] 1 2 3 4 5
7 [9, 4, 1, 2, 5] 1 2 3 4 5 6
8 [4, 7, 1, 5, 4]
9 [9, 6, 7, 9, 4] 8
10 [10, 4, 8, 2, 7] 8 9
11 [5, 1, 3, 4, 10] 8 9 10
12 [7, 9, 10, 5, 6] 8 9 10 11
13 [2, 10, 7, 8, 4] 8 9 10 11 12
14 [8, 9, 2, 10, 3]
15 [9, 1, 5, 7, 8] 14
16 [5, 5, 6, 7, 5] 14 15
17 [3, 9, 7, 8, 8] 14 15 16
18 [9, 4, 4, 4, 10] 14 15 16 17
19 [10, 6, 4, 3, 9] 14 15 16 17 18
20 [4, 7, 2, 3, 1]
21 [3, 10, 5, 1, 2] 20
22 [8, 7, 3, 4, 1] 20 21
23 [6, 9, 10, 9, 10] 20 21 22
24 [3, 9, 5, 5, 3] 20 21 22 23
25 [9, 4, 1, 2, 1] 20 21 22 23 24
26 [2, 8, 1, 5, 5]
27 [4, 4, 1, 10, 8] 26
28 [7, 6, 10, 3, 5] 26 27
29 [6, 10, 10, 5, 7] 26 27 28
30 [1, 4, 3, 10, 4] 26 27 28 29
31 [2, 3, 7, 3, 5]
32 [8, 2, 1, 4, 6] 31
33 [3, 1, 3, 5, 6] 31 32
34 [8, 5, 10, 4, 1] 31 32 33
35 [10, 6, 8, 8, 8] 31 32 33 34
36 [8, 4, 8, 2, 6]
37 [7, 2, 8, 1, 6] 36
38 [8, 2, 3, 7, 5] 36 37
39 [3, 1, 1, 10, 5] 36 37 38
40 [8, 4, 8, 9, 5] 36 37 38 39
41 [7, 5, 5, 7, 10] 36 37 38 39 40
42 [9, 2, 5, 3, 4] 36 37 38 39 40 41
43 [1, 3, 6, 8, 10]
44 [9, 2, 1, 4, 3] 43
45 [6, 9, 3, 8, 3] 43 44
46 [1, 5, 2, 5, 7] 43 44 45
47 [7, 10, 5, 1, 3] 43 44 45 46
48 [2, 7, 3, 1, 5]
49 [4, 2, 10, 3, 7] 48
50 [5, 10, 7, 2, 5] 48 49
51 [10, 2, 2, 8, 4] 48 49 50
52 [5, 8, 5, 6, 1] 48 49 50 51
53 [1, 8, 3, 8, 2] 48 49 50 51 52
54 [4, 1, 3, 1, 4]
55 [10, 7, 6, 10, 4] 54
56 [5, 8, 10, 2, 5] 54 55
57 [9, 10, 7, 5, 5] 54 55 56
58 [9, 10, 7, 10, 4] 54 55 56 57
59 [10, 8, 10, 3, 4] 54 55 56 57 58
60 [5, 6, 5, 3, 3]
61 [2, 8, 3, 5, 2] 60
62 [6, 8, 7, 9, 1] 60 61
63 [10, 4, 10, 8, 3] 60 61 62
64 [9, 6, 6, 5, 4] 60 61 62 63
65 [3, 2, 9, 1, 8] 60 61 62 63 64
66 [10, 3, 10, 10, 2] 60 61 62 63 64 65
67 [1, 1, 1, 1, 10]
68 [8, 3, 7, 7, 7] 67
69 [9, 2, 7, 10, 3] 67 68
70 [3, 8, 4, 2, 4] 67 68 69
71 [9, 10, 1, 6, 5] 67 68 69 70
72 [3, 10, 1, 5, 7] 67 68 69 70 71
73 [4, 10, 3, 1, 2]
74 [3, 9, 5, 6, 3] 73
75 [6, 10, 7, 9, 1] 73 74
76 [4, 7, 10, 2, 7] 73 74 75
77 [4, 6, 8, 8, 3] 73 74 75 76
78 [2, 10, 9, 1, 3] 73 74 75 76 77
79 [6, 1, 6, 9, 3]
80 [7, 3, 8, 9, 8] 79
81 [7, 7, 10, 8, 7] 79 80
82 [1, 7, 3, 8, 3] 79 80 81
83 [9, 6, 6, 6, 10] 79 80 81 82
84 [8, 10, 1, 2, 7] 79 80 81 82 83
85 [7, 1, 1, 10, 8] 79 80 81 82 83 84
86 [3, 4, 1, 5, 1]
87 [5, 7, 4, 3, 10] 86
88 [5, 4, 3, 5, 4] 86 87
89 [1, 3, 7, 5, 8] 86 87 88
90 [10, 2, 5, 1, 2] 86 87 88 89
91 [7, 6, 9, 9, 2] 86 87 88 89 90
92 [1, 10, 7, 7, 2]
93 [2, 2, 2, 7, 10] 92
94 [7, 9, 2, 5, 6] 92 93
95 [3, 7, 3, 9, 4] 92 93 94
96 [8, 3, 2, 9, 3] 92 93 94 95
97 [1, 9, 9, 6, 5] 92 93 94 95 96
98 [10, 9, 2, 5, 8]
99 [3, 3, 9, 3, 9] 98
100 [5, 1, 6, 9, 10] 98 99
101 [7, 5, 10, 7, 8] 98 99 100
102 [9, 8, 8, 10, 10] 98 99 100 101
103 [8, 9, 8, 4, 8] 98 99 100 101 102
104 [2, 8, 8, 1, 5]
105 [9, 1, 2, 2, 1] 104
106 [8, 5, 3, 10, 7] 104 105
107 [3, 9, 2, 4, 7] 104 105 106
108 [1, 3, 8, 9, 5] 104 105 106 107
109 [5, 8, 3, 2, 8] 104 105 106 107 108
110 [2, 9, 6, 6, 5] 104 105 106 107 108 109
111 [6, 3, 7, 6, 6]
112 [6, 3, 9, 7, 1] 111
113 [9, 5, 5, 6, 6] 111 112
114 [3, 2, 5, 8, 6] 111 112 113
115 [10, 2, 6, 3, 3] 111 112 113 114
116 [6, 3, 6, 3, 4] 111 112 113 114 115
117 [1, 3, 8, 4, 9] 111 112 113 114 115 116
118 [5, 5, 9, 10, 5]
119 [8, 1, 7, 8, 7] 118
120 [6, 2, 7, 6, 2] 118 119
121 [5, 10, 6, 5, 9] 118 119 120
122 [6, 9, 1, 3, 10] 118 119 120 121
Resource
resourceID  MachineID  WorkerID  exits
1 1 1 1
2 1 2 0
3 1 3 1
4 1 4 1
5 1 5 0
6 1 6 1
7 2 1 0
8 2 2 1
9 2 3 0
10 2 4 0
11 2 5 0
12 2 6 1
13 3 1 1
14 3 2 0
15 3 3 1
16 3 4 0
17 3 5 0
18 3 6 0
19 4 1 0
20 4 2 1
21 4 3 1
22 4 4 0
23 4 5 0
24 4 6 1
25 5 1 1
26 5 2 0
27 5 3 0
28 5 4 0
29 5 5 1
30 5 6 0
31 6 1 0
32 6 2 0
33 6 3 0
34 6 4 0
35 6 5 1
36 6 6 0
37 7 1 0
38 7 2 0
39 7 3 0
40 7 4 1
41 7 5 1
42 7 6 0
43 8 1 0
44 8 2 0
45 8 3 1
46 8 4 0
47 8 5 0
48 8 6 1
49 9 1 0
50 9 2 1
51 9 3 0
52 9 4 1
53 9 5 0
54 9 6 0
55 10 1 0
56 10 2 0
57 10 3 0
58 10 4 0
59 10 5 0
60 10 6 0
Duration
procTime  4  2  6  6  5  7  2  5  2  1  5  3  4  5  5  5  4  2  3  5  1  5  7  3  5  7  2  5  7  6  6  1  2  2  6  6  7  2  2  4  5  5  1  5  7  5  7  2  1  5  7  1  6  6  6  5  4  4  3  1  3  7  3  3  6  2  1  3  3  3  7  1  6  5  3  4  2  2  5  7  5  4  1  7  1  1  7  3  3  6  4  4  5  3  3  3  1  3  1  3  2  1  3  1  4  5  7  3  7  2  5  2  2  4  6  3  7  3  6  4  5  6  5  7  9  16  3  9  20  13  18  5  18  18  1  14  20  5  17  13  5  3  17  12  13  18  1  5  7  19  7  7  16  5  8  13  5  10  16  10  17  10  13  2  19  5  2  3  18  1  17  12  6  10  9  3  19  19  14  6  18  7  7  13  5  20  2  6  12  7  16  17  18  20  13  15  9  1  2  15  13  16  18  8  12  14  18  2  8  16  5  4  16  8  9  15  8  12  19  14  7  19  12  2  19  17  20  16  8  2  7  1  18  10  15  9  17  4  13  1  3  5  17  16  17  9  5  6  16  13  11  
diata  5  5  6  2  5  6  4  4  4  8  4  4  3  4  6  7  7  8  3  8  5  4  5  4  3  6  2  5  5  4  6  5  5  6  6  7  4  5  8  6  4  2  2  2  6  8  8  6  6  3  2  6  6  8  5  6  7  8  8  5  4  3  8  3  7  4  6  4  5  3  8  6  5  5  5  2  2  6  5  5  5  4  8  7  5  2  6  4  4  2  7  2  7  5  5  4  4  6  6  2  5  3  3  2  3  5  2  7  3  2  5  6  8  4  3  3  4  6  2  5  2  4  5  8  6  6  7  3  2  2  8  7  6  3  7  5  4  2  8  8  4  5  6  3  2  7  7  2  8  2  2  5  5  4  5  2  7  2  8  7  6  6  8  5  2  5  2  5  3  2  2  4  5  4  7  8  3  6  8  7  7  2  2  8  4  7  7  3  8  3  8  8  2  5  7  3  5  5  3  4  2  4  7  7  6  3  5  6  4  4  4  8  7  6  2  2  6  6  5  3  5  7  8  3  6  6  8  5  6  2  7  3  2  7  5  3  4  7  2  4  2  3  2  2  4  6  7  2  5  7  7  
ResID/OpID1  2  3  4  5  6  7  8  9  10  11  12  13  14  15  16  17  18  19  20  21  22  23  24  25  26  27  28  29  30  31  32  33  34  35  36  37  38  39  40  41  42  43  44  45  46  47  48  49  50  51  52  53  54  55  56  57  58  59  60  61  62  63  64  65  66  67  68  69  70  71  72  73  74  75  76  77  78  79  80  81  82  83  84  85  86  87  88  89  90  91  92  93  94  95  96  97  98  99  100  101  102  103  104  105  106  107  108  109  110  111  112  113  114  115  116  117  118  119  120  121  122  123  124  125  126  127  128  129  130  131  132  133  134  135  136  137  138  139  140  141  142  143  144  145  146  147  148  149  150  151  152  153  154  155  156  157  158  159  160  161  162  163  164  165  166  167  168  169  170  171  172  173  174  175  176  177  178  179  180  181  182  183  184  185  186  187  188  189  190  191  192  193  194  195  196  197  198  199  200  201  202  203  204  205  206  207  208  209  210  211  212  213  214  215  216  217  218  219  220  221  222  223  224  225  226  227  228  229  230  231  232  233  234  235  236  237  238  239  240  241  242  243  244  245  246  247  248  249  250  251  
1      -1 3 -1 -1 8 -1 4 6 -1 -1 8 -1 -1 -1 10 -1 -1 -1 -1 5 4 6 -1 -1 5 9 3 -1 -1 6 -1 2 5 2 -1 -1 9 -1 4 -1 -1 -1 2 6 -1 8 10 7 -1 -1 -1 2 8 10 -1 -1 -1 -1 -1 -1 -1 8 -1 -1 8 -1 6 -1 -1 -1 13 2 9 -1 3 -1 -1 6 7 -1 -1 4 -1 13 5 2 -1 -1 3 6 -1 5 -1 -1 -1 -1 4 -1 -1 4 -1 -1 -1 2 6 -1 -1 5 -1 -1 -1 2 -1 -1 -1 -1 10 -1 6 -1 -1 7 -1 -1 9 16 -1 -1 -1 14 -1 -1 -1 -1 2 15 -1 -1 -1 15 -1 7 -1 13 14 -1 7 6 -1 -1 8 -1 -1 -1 -1 -1 -1 11 -1 14 -1 -1 18 -1 -1 -1 -1 6 19 -1 -1 13 6 -1 -1 7 -1 -1 18 -1 -1 8 -1 -1 -1 21 -1 -1 -1 8 -1 -1 -1 -1 -1 16 -1 -1 -1 15 -1 -1 -1 9 -1 15 -1 -1 -1 17 -1 -1 -1 -1 -1 15 8 14 -1 -1 8 -1 -1 -1 -1 -1 -1 -1 12 -1 -1 -1 -1 14 -1 10 -1 -1 -1 2 4 -1 17 17 -1 -1 -1 6 16 13 15
2      -1 -1 -1 -1 -1 -1 -1 -1 -1 -1 -1 -1 -1 -1 -1 -1 -1 -1 -1 -1 -1 -1 -1 -1 -1 -1 -1 -1 -1 -1 -1 -1 -1 -1 -1 -1 -1 -1 -1 -1 -1 -1 -1 -1 -1 -1 -1 -1 -1 -1 -1 -1 -1 -1 -1 -1 -1 -1 -1 -1 -1 -1 -1 -1 -1 -1 -1 -1 -1 -1 -1 -1 -1 -1 -1 -1 -1 -1 -1 -1 -1 -1 -1 -1 -1 -1 -1 -1 -1 -1 -1 -1 -1 -1 -1 -1 -1 -1 -1 -1 -1 -1 -1 -1 -1 -1 -1 -1 -1 -1 -1 -1 -1 -1 -1 -1 -1 -1 -1 -1 -1 -1 -1 -1 -1 -1 -1 -1 -1 -1 -1 -1 -1 -1 -1 -1 -1 -1 -1 -1 -1 -1 -1 -1 -1 -1 -1 -1 -1 -1 -1 -1 -1 -1 -1 -1 -1 -1 -1 -1 -1 -1 -1 -1 -1 -1 -1 -1 -1 -1 -1 -1 -1 -1 -1 -1 -1 -1 -1 -1 -1 -1 -1 -1 -1 -1 -1 -1 -1 -1 -1 -1 -1 -1 -1 -1 -1 -1 -1 -1 -1 -1 -1 -1 -1 -1 -1 -1 -1 -1 -1 -1 -1 -1 -1 -1 -1 -1 -1 -1 -1 -1 -1 -1 -1 -1 -1 -1 -1 -1 -1 -1 -1 -1 -1 -1 -1 -1 -1 -1 -1 -1 -1 -1 -1 -1 -1 -1 -1 -1 -1
3      -1 6 -1 -1 5 -1 4 7 -1 -1 5 -1 -1 -1 9 -1 -1 -1 -1 11 5 6 -1 -1 6 12 2 -1 -1 7 -1 4 6 7 -1 -1 8 -1 3 -1 -1 -1 2 5 -1 8 13 3 -1 -1 -1 6 11 8 -1 -1 -1 -1 -1 -1 -1 7 -1 -1 12 -1 6 -1 -1 -1 7 6 8 -1 7 -1 -1 3 5 -1 -1 6 -1 13 1 1 -1 -1 5 6 -1 5 -1 -1 -1 -1 3 -1 -1 3 -1 -1 -1 1 5 -1 -1 6 -1 -1 -1 4 -1 -1 -1 -1 10 -1 6 -1 -1 7 -1 -1 9 16 -1 -1 -1 13 -1 -1 -1 -1 5 14 -1 -1 -1 17 -1 7 -1 12 13 -1 4 5 -1 -1 8 -1 -1 -1 -1 -1 -1 10 -1 12 -1 -1 16 -1 -1 -1 -1 4 19 -1 -1 14 6 -1 -1 3 -1 -1 15 -1 -1 8 -1 -1 -1 25 -1 -1 -1 8 -1 -1 -1 -1 -1 15 -1 -1 -1 18 -1 -1 -1 10 -1 15 -1 -1 -1 18 -1 -1 -1 -1 -1 16 11 12 -1 -1 8 -1 -1 -1 -1 -1 -1 -1 13 -1 -1 -1 -1 13 -1 9 -1 -1 -1 1 3 -1 17 17 -1 -1 -1 6 18 14 12
4      -1 3 -1 -1 7 -1 4 8 -1 -1 6 -1 -1 -1 10 -1 -1 -1 -1 5 5 7 -1 -1 5 7 3 -1 -1 6 -1 5 6 3 -1 -1 7 -1 7 -1 -1 -1 2 6 -1 12 9 6 -1 -1 -1 4 11 13 -1 -1 -1 -1 -1 -1 -1 7 -1 -1 12 -1 1 -1 -1 -1 7 6 9 -1 4 -1 -1 3 5 -1 -1 4 -1 9 2 1 -1 -1 3 7 -1 4 -1 -1 -1 -1 1 -1 -1 4 -1 -1 -1 1 6 -1 -1 5 -1 -1 -1 4 -1 -1 -1 -1 7 -1 7 -1 -1 7 -1 -1 10 21 -1 -1 -1 13 -1 -1 -1 -1 2 16 -1 -1 -1 18 -1 7 -1 13 14 -1 5 6 -1 -1 8 -1 -1 -1 -1 -1 -1 11 -1 14 -1 -1 15 -1 -1 -1 -1 3 18 -1 -1 12 10 -1 -1 5 -1 -1 19 -1 -1 7 -1 -1 -1 22 -1 -1 -1 7 -1 -1 -1 -1 -1 15 -1 -1 -1 18 -1 -1 -1 12 -1 16 -1 -1 -1 17 -1 -1 -1 -1 -1 16 10 14 -1 -1 9 -1 -1 -1 -1 -1 -1 -1 10 -1 -1 -1 -1 15 -1 11 -1 -1 -1 3 4 -1 18 17 -1 -1 -1 7 18 14 16
5      -1 -1 -1 -1 -1 -1 -1 -1 -1 -1 -1 -1 -1 -1 -1 -1 -1 -1 -1 -1 -1 -1 -1 -1 -1 -1 -1 -1 -1 -1 -1 -1 -1 -1 -1 -1 -1 -1 -1 -1 -1 -1 -1 -1 -1 -1 -1 -1 -1 -1 -1 -1 -1 -1 -1 -1 -1 -1 -1 -1 -1 -1 -1 -1 -1 -1 -1 -1 -1 -1 -1 -1 -1 -1 -1 -1 -1 -1 -1 -1 -1 -1 -1 -1 -1 -1 -1 -1 -1 -1 -1 -1 -1 -1 -1 -1 -1 -1 -1 -1 -1 -1 -1 -1 -1 -1 -1 -1 -1 -1 -1 -1 -1 -1 -1 -1 -1 -1 -1 -1 -1 -1 -1 -1 -1 -1 -1 -1 -1 -1 -1 -1 -1 -1 -1 -1 -1 -1 -1 -1 -1 -1 -1 -1 -1 -1 -1 -1 -1 -1 -1 -1 -1 -1 -1 -1 -1 -1 -1 -1 -1 -1 -1 -1 -1 -1 -1 -1 -1 -1 -1 -1 -1 -1 -1 -1 -1 -1 -1 -1 -1 -1 -1 -1 -1 -1 -1 -1 -1 -1 -1 -1 -1 -1 -1 -1 -1 -1 -1 -1 -1 -1 -1 -1 -1 -1 -1 -1 -1 -1 -1 -1 -1 -1 -1 -1 -1 -1 -1 -1 -1 -1 -1 -1 -1 -1 -1 -1 -1 -1 -1 -1 -1 -1 -1 -1 -1 -1 -1 -1 -1 -1 -1 -1 -1 -1 -1 -1 -1 -1 -1
6      -1 5 -1 -1 6 -1 3 5 -1 -1 7 -1 -1 -1 6 -1 -1 -1 -1 9 2 5 -1 -1 5 9 3 -1 -1 9 -1 3 2 5 -1 -1 9 -1 5 -1 -1 -1 2 6 -1 9 10 2 -1 -1 -1 5 8 11 -1 -1 -1 -1 -1 -1 -1 8 -1 -1 12 -1 6 -1 -1 -1 12 5 10 -1 5 -1 -1 4 8 -1 -1 7 -1 10 1 2 -1 -1 5 7 -1 5 -1 -1 -1 -1 1 -1 -1 4 -1 -1 -1 2 4 -1 -1 9 -1 -1 -1 2 -1 -1 -1 -1 7 -1 6 -1 -1 9 -1 -1 12 17 -1 -1 -1 14 -1 -1 -1 -1 6 14 -1 -1 -1 15 -1 7 -1 13 13 -1 7 5 -1 -1 8 -1 -1 -1 -1 -1 -1 11 -1 14 -1 -1 20 -1 -1 -1 -1 3 18 -1 -1 14 7 -1 -1 8 -1 -1 19 -1 -1 7 -1 -1 -1 25 -1 -1 -1 7 -1 -1 -1 -1 -1 17 -1 -1 -1 16 -1 -1 -1 12 -1 15 -1 -1 -1 16 -1 -1 -1 -1 -1 15 12 16 -1 -1 9 -1 -1 -1 -1 -1 -1 -1 12 -1 -1 -1 -1 12 -1 10 -1 -1 -1 4 4 -1 17 17 -1 -1 -1 6 16 16 13
7      -1 -1 -1 -1 -1 -1 -1 -1 -1 -1 -1 -1 -1 -1 -1 -1 -1 -1 -1 -1 -1 -1 -1 -1 -1 -1 -1 -1 -1 -1 -1 -1 -1 -1 -1 -1 -1 -1 -1 -1 -1 -1 -1 -1 -1 -1 -1 -1 -1 -1 -1 -1 -1 -1 -1 -1 -1 -1 -1 -1 -1 -1 -1 -1 -1 -1 -1 -1 -1 -1 -1 -1 -1 -1 -1 -1 -1 -1 -1 -1 -1 -1 -1 -1 -1 -1 -1 -1 -1 -1 -1 -1 -1 -1 -1 -1 -1 -1 -1 -1 -1 -1 -1 -1 -1 -1 -1 -1 -1 -1 -1 -1 -1 -1 -1 -1 -1 -1 -1 -1 -1 -1 -1 -1 -1 -1 -1 -1 -1 -1 -1 -1 -1 -1 -1 -1 -1 -1 -1 -1 -1 -1 -1 -1 -1 -1 -1 -1 -1 -1 -1 -1 -1 -1 -1 -1 -1 -1 -1 -1 -1 -1 -1 -1 -1 -1 -1 -1 -1 -1 -1 -1 -1 -1 -1 -1 -1 -1 -1 -1 -1 -1 -1 -1 -1 -1 -1 -1 -1 -1 -1 -1 -1 -1 -1 -1 -1 -1 -1 -1 -1 -1 -1 -1 -1 -1 -1 -1 -1 -1 -1 -1 -1 -1 -1 -1 -1 -1 -1 -1 -1 -1 -1 -1 -1 -1 -1 -1 -1 -1 -1 -1 -1 -1 -1 -1 -1 -1 -1 -1 -1 -1 -1 -1 -1 -1 -1 -1 -1 -1 -1
8      4 3 -1 6 -1 -1 2 -1 -1 7 -1 -1 4 8 -1 -1 -1 -1 -1 6 1 -1 -1 -1 5 11 -1 -1 -1 -1 6 1 -1 -1 -1 9 8 3 -1 -1 -1 6 -1 5 -1 7 -1 3 1 5 7 -1 6 -1 -1 10 -1 -1 -1 -1 4 -1 -1 -1 10 3 -1 -1 4 4 -1 -1 9 -1 -1 4 -1 4 -1 -1 -1 -1 -1 12 -1 -1 -1 -1 -1 7 4 5 6 3 -1 6 -1 4 -1 -1 -1 -1 -1 1 5 -1 7 -1 8 2 -1 -1 -1 4 8 -1 -1 -1 -1 8 -1 -1 -1 -1 -1 -1 4 10 20 -1 22 -1 23 -1 -1 -1 -1 -1 -1 -1 5 -1 17 14 -1 -1 -1 6 11 19 -1 9 -1 -1 -1 -1 -1 11 -1 12 -1 -1 -1 -1 -1 -1 3 -1 -1 -1 -1 14 -1 -1 -1 -1 19 -1 -1 7 -1 -1 7 -1 -1 -1 -1 7 13 -1 -1 -1 18 -1 14 -1 -1 5 -1 -1 -1 -1 22 -1 15 -1 21 7 -1 17 -1 5 19 -1 9 -1 9 -1 -1 15 -1 19 -1 -1 -1 -1 24 -1 -1 2 12 1 18 11 -1 -1 19 -1 13 -1 3 -1 17 16 18 -1 8 -1 16 14 -1
9      -1 -1 -1 -1 -1 -1 -1 -1 -1 -1 -1 -1 -1 -1 -1 -1 -1 -1 -1 -1 -1 -1 -1 -1 -1 -1 -1 -1 -1 -1 -1 -1 -1 -1 -1 -1 -1 -1 -1 -1 -1 -1 -1 -1 -1 -1 -1 -1 -1 -1 -1 -1 -1 -1 -1 -1 -1 -1 -1 -1 -1 -1 -1 -1 -1 -1 -1 -1 -1 -1 -1 -1 -1 -1 -1 -1 -1 -1 -1 -1 -1 -1 -1 -1 -1 -1 -1 -1 -1 -1 -1 -1 -1 -1 -1 -1 -1 -1 -1 -1 -1 -1 -1 -1 -1 -1 -1 -1 -1 -1 -1 -1 -1 -1 -1 -1 -1 -1 -1 -1 -1 -1 -1 -1 -1 -1 -1 -1 -1 -1 -1 -1 -1 -1 -1 -1 -1 -1 -1 -1 -1 -1 -1 -1 -1 -1 -1 -1 -1 -1 -1 -1 -1 -1 -1 -1 -1 -1 -1 -1 -1 -1 -1 -1 -1 -1 -1 -1 -1 -1 -1 -1 -1 -1 -1 -1 -1 -1 -1 -1 -1 -1 -1 -1 -1 -1 -1 -1 -1 -1 -1 -1 -1 -1 -1 -1 -1 -1 -1 -1 -1 -1 -1 -1 -1 -1 -1 -1 -1 -1 -1 -1 -1 -1 -1 -1 -1 -1 -1 -1 -1 -1 -1 -1 -1 -1 -1 -1 -1 -1 -1 -1 -1 -1 -1 -1 -1 -1 -1 -1 -1 -1 -1 -1 -1 -1 -1 -1 -1 -1 -1
10      -1 -1 -1 -1 -1 -1 -1 -1 -1 -1 -1 -1 -1 -1 -1 -1 -1 -1 -1 -1 -1 -1 -1 -1 -1 -1 -1 -1 -1 -1 -1 -1 -1 -1 -1 -1 -1 -1 -1 -1 -1 -1 -1 -1 -1 -1 -1 -1 -1 -1 -1 -1 -1 -1 -1 -1 -1 -1 -1 -1 -1 -1 -1 -1 -1 -1 -1 -1 -1 -1 -1 -1 -1 -1 -1 -1 -1 -1 -1 -1 -1 -1 -1 -1 -1 -1 -1 -1 -1 -1 -1 -1 -1 -1 -1 -1 -1 -1 -1 -1 -1 -1 -1 -1 -1 -1 -1 -1 -1 -1 -1 -1 -1 -1 -1 -1 -1 -1 -1 -1 -1 -1 -1 -1 -1 -1 -1 -1 -1 -1 -1 -1 -1 -1 -1 -1 -1 -1 -1 -1 -1 -1 -1 -1 -1 -1 -1 -1 -1 -1 -1 -1 -1 -1 -1 -1 -1 -1 -1 -1 -1 -1 -1 -1 -1 -1 -1 -1 -1 -1 -1 -1 -1 -1 -1 -1 -1 -1 -1 -1 -1 -1 -1 -1 -1 -1 -1 -1 -1 -1 -1 -1 -1 -1 -1 -1 -1 -1 -1 -1 -1 -1 -1 -1 -1 -1 -1 -1 -1 -1 -1 -1 -1 -1 -1 -1 -1 -1 -1 -1 -1 -1 -1 -1 -1 -1 -1 -1 -1 -1 -1 -1 -1 -1 -1 -1 -1 -1 -1 -1 -1 -1 -1 -1 -1 -1 -1 -1 -1 -1 -1
11      -1 -1 -1 -1 -1 -1 -1 -1 -1 -1 -1 -1 -1 -1 -1 -1 -1 -1 -1 -1 -1 -1 -1 -1 -1 -1 -1 -1 -1 -1 -1 -1 -1 -1 -1 -1 -1 -1 -1 -1 -1 -1 -1 -1 -1 -1 -1 -1 -1 -1 -1 -1 -1 -1 -1 -1 -1 -1 -1 -1 -1 -1 -1 -1 -1 -1 -1 -1 -1 -1 -1 -1 -1 -1 -1 -1 -1 -1 -1 -1 -1 -1 -1 -1 -1 -1 -1 -1 -1 -1 -1 -1 -1 -1 -1 -1 -1 -1 -1 -1 -1 -1 -1 -1 -1 -1 -1 -1 -1 -1 -1 -1 -1 -1 -1 -1 -1 -1 -1 -1 -1 -1 -1 -1 -1 -1 -1 -1 -1 -1 -1 -1 -1 -1 -1 -1 -1 -1 -1 -1 -1 -1 -1 -1 -1 -1 -1 -1 -1 -1 -1 -1 -1 -1 -1 -1 -1 -1 -1 -1 -1 -1 -1 -1 -1 -1 -1 -1 -1 -1 -1 -1 -1 -1 -1 -1 -1 -1 -1 -1 -1 -1 -1 -1 -1 -1 -1 -1 -1 -1 -1 -1 -1 -1 -1 -1 -1 -1 -1 -1 -1 -1 -1 -1 -1 -1 -1 -1 -1 -1 -1 -1 -1 -1 -1 -1 -1 -1 -1 -1 -1 -1 -1 -1 -1 -1 -1 -1 -1 -1 -1 -1 -1 -1 -1 -1 -1 -1 -1 -1 -1 -1 -1 -1 -1 -1 -1 -1 -1 -1 -1
12      4 6 -1 6 -1 -1 5 -1 -1 5 -1 -1 5 8 -1 -1 -1 -1 -1 5 2 -1 -1 -1 7 11 -1 -1 -1 -1 9 2 -1 -1 -1 6 8 4 -1 -1 -1 5 -1 5 -1 6 -1 2 2 5 8 -1 10 -1 -1 10 -1 -1 -1 -1 6 -1 -1 -1 11 2 -1 -1 6 4 -1 -1 10 -1 -1 5 -1 7 -1 -1 -1 -1 -1 11 -1 -1 -1 -1 -1 7 8 4 10 6 -1 6 -1 6 -1 -1 -1 -1 -1 1 4 -1 8 -1 9 3 -1 -1 -1 7 8 -1 -1 -1 -1 7 -1 -1 -1 -1 -1 -1 7 11 20 -1 22 -1 22 -1 -1 -1 -1 -1 -1 -1 7 -1 17 12 -1 -1 -1 6 11 20 -1 8 -1 -1 -1 -1 -1 10 -1 13 -1 -1 -1 -1 -1 -1 3 -1 -1 -1 -1 13 -1 -1 -1 -1 20 -1 -1 10 -1 -1 8 -1 -1 -1 -1 6 15 -1 -1 -1 18 -1 17 -1 -1 2 -1 -1 -1 -1 24 -1 13 -1 21 7 -1 18 -1 10 21 -1 9 -1 10 -1 -1 15 -1 21 -1 -1 -1 -1 22 -1 -1 3 8 2 18 15 -1 -1 19 -1 13 -1 4 -1 18 17 18 -1 6 -1 19 19 -1
13      -1 -1 -1 7 5 7 -1 -1 -1 -1 8 -1 -1 8 -1 -1 10 -1 3 6 5 5 -1 6 -1 -1 -1 7 -1 9 8 -1 5 -1 -1 -1 -1 4 2 -1 -1 6 1 6 10 -1 8 5 3 -1 -1 -1 10 8 -1 -1 -1 -1 3 3 4 -1 3 -1 6 2 -1 5 6 5 -1 2 7 8 -1 -1 3 7 9 8 -1 6 -1 -1 -1 2 11 5 4 -1 -1 -1 -1 -1 7 3 -1 -1 4 -1 -1 -1 -1 -1 -1 6 8 5 8 -1 9 5 -1 7 7 4 10 -1 -1 -1 -1 9 7 14 -1 16 7 -1 -1 -1 23 8 -1 19 -1 16 21 5 20 18 -1 5 -1 13 14 21 -1 -1 -1 -1 -1 -1 -1 -1 9 -1 -1 -1 -1 10 17 -1 -1 2 20 6 3 7 18 1 -1 -1 7 -1 -1 -1 21 -1 -1 8 24 8 7 -1 -1 -1 -1 7 12 -1 -1 24 -1 22 -1 16 9 -1 -1 -1 -1 17 -1 -1 12 -1 -1 -1 -1 17 -1 6 -1 -1 10 16 -1 12 23 -1 -1 21 14 2 19 21 22 -1 11 -1 11 2 18 -1 -1 11 -1 10 -1 -1 -1 7 -1 -1 20 -1 10 -1 -1 19 11
14      -1 -1 -1 -1 -1 -1 -1 -1 -1 -1 -1 -1 -1 -1 -1 -1 -1 -1 -1 -1 -1 -1 -1 -1 -1 -1 -1 -1 -1 -1 -1 -1 -1 -1 -1 -1 -1 -1 -1 -1 -1 -1 -1 -1 -1 -1 -1 -1 -1 -1 -1 -1 -1 -1 -1 -1 -1 -1 -1 -1 -1 -1 -1 -1 -1 -1 -1 -1 -1 -1 -1 -1 -1 -1 -1 -1 -1 -1 -1 -1 -1 -1 -1 -1 -1 -1 -1 -1 -1 -1 -1 -1 -1 -1 -1 -1 -1 -1 -1 -1 -1 -1 -1 -1 -1 -1 -1 -1 -1 -1 -1 -1 -1 -1 -1 -1 -1 -1 -1 -1 -1 -1 -1 -1 -1 -1 -1 -1 -1 -1 -1 -1 -1 -1 -1 -1 -1 -1 -1 -1 -1 -1 -1 -1 -1 -1 -1 -1 -1 -1 -1 -1 -1 -1 -1 -1 -1 -1 -1 -1 -1 -1 -1 -1 -1 -1 -1 -1 -1 -1 -1 -1 -1 -1 -1 -1 -1 -1 -1 -1 -1 -1 -1 -1 -1 -1 -1 -1 -1 -1 -1 -1 -1 -1 -1 -1 -1 -1 -1 -1 -1 -1 -1 -1 -1 -1 -1 -1 -1 -1 -1 -1 -1 -1 -1 -1 -1 -1 -1 -1 -1 -1 -1 -1 -1 -1 -1 -1 -1 -1 -1 -1 -1 -1 -1 -1 -1 -1 -1 -1 -1 -1 -1 -1 -1 -1 -1 -1 -1 -1 -1
15      -1 -1 -1 7 7 11 -1 -1 -1 -1 7 -1 -1 7 -1 -1 7 -1 5 8 4 7 -1 3 -1 -1 -1 5 -1 8 6 -1 2 -1 -1 -1 -1 6 4 -1 -1 6 1 5 10 -1 9 7 5 -1 -1 -1 9 6 -1 -1 -1 -1 8 2 3 -1 7 -1 11 5 -1 3 5 3 -1 2 8 9 -1 -1 3 6 8 11 -1 7 -1 -1 -1 2 10 3 4 -1 -1 -1 -1 -1 4 5 -1 -1 6 -1 -1 -1 -1 -1 -1 7 7 9 7 -1 5 3 -1 4 7 4 8 -1 -1 -1 -1 7 8 8 -1 19 5 -1 -1 -1 18 9 -1 18 -1 14 21 5 19 18 -1 6 -1 14 13 19 -1 -1 -1 -1 -1 -1 -1 -1 12 -1 -1 -1 -1 12 22 -1 -1 6 19 9 2 5 19 1 -1 -1 8 -1 -1 -1 19 -1 -1 12 22 7 7 -1 -1 -1 -1 6 13 -1 -1 22 -1 24 -1 17 12 -1 -1 -1 -1 16 -1 -1 12 -1 -1 -1 -1 18 -1 5 -1 -1 10 16 -1 16 22 -1 -1 21 17 4 24 20 21 -1 9 -1 7 2 18 -1 -1 11 -1 8 -1 -1 -1 7 -1 -1 19 -1 11 -1 -1 19 15
16      -1 -1 -1 -1 -1 -1 -1 -1 -1 -1 -1 -1 -1 -1 -1 -1 -1 -1 -1 -1 -1 -1 -1 -1 -1 -1 -1 -1 -1 -1 -1 -1 -1 -1 -1 -1 -1 -1 -1 -1 -1 -1 -1 -1 -1 -1 -1 -1 -1 -1 -1 -1 -1 -1 -1 -1 -1 -1 -1 -1 -1 -1 -1 -1 -1 -1 -1 -1 -1 -1 -1 -1 -1 -1 -1 -1 -1 -1 -1 -1 -1 -1 -1 -1 -1 -1 -1 -1 -1 -1 -1 -1 -1 -1 -1 -1 -1 -1 -1 -1 -1 -1 -1 -1 -1 -1 -1 -1 -1 -1 -1 -1 -1 -1 -1 -1 -1 -1 -1 -1 -1 -1 -1 -1 -1 -1 -1 -1 -1 -1 -1 -1 -1 -1 -1 -1 -1 -1 -1 -1 -1 -1 -1 -1 -1 -1 -1 -1 -1 -1 -1 -1 -1 -1 -1 -1 -1 -1 -1 -1 -1 -1 -1 -1 -1 -1 -1 -1 -1 -1 -1 -1 -1 -1 -1 -1 -1 -1 -1 -1 -1 -1 -1 -1 -1 -1 -1 -1 -1 -1 -1 -1 -1 -1 -1 -1 -1 -1 -1 -1 -1 -1 -1 -1 -1 -1 -1 -1 -1 -1 -1 -1 -1 -1 -1 -1 -1 -1 -1 -1 -1 -1 -1 -1 -1 -1 -1 -1 -1 -1 -1 -1 -1 -1 -1 -1 -1 -1 -1 -1 -1 -1 -1 -1 -1 -1 -1 -1 -1 -1 -1
17      -1 -1 -1 -1 -1 -1 -1 -1 -1 -1 -1 -1 -1 -1 -1 -1 -1 -1 -1 -1 -1 -1 -1 -1 -1 -1 -1 -1 -1 -1 -1 -1 -1 -1 -1 -1 -1 -1 -1 -1 -1 -1 -1 -1 -1 -1 -1 -1 -1 -1 -1 -1 -1 -1 -1 -1 -1 -1 -1 -1 -1 -1 -1 -1 -1 -1 -1 -1 -1 -1 -1 -1 -1 -1 -1 -1 -1 -1 -1 -1 -1 -1 -1 -1 -1 -1 -1 -1 -1 -1 -1 -1 -1 -1 -1 -1 -1 -1 -1 -1 -1 -1 -1 -1 -1 -1 -1 -1 -1 -1 -1 -1 -1 -1 -1 -1 -1 -1 -1 -1 -1 -1 -1 -1 -1 -1 -1 -1 -1 -1 -1 -1 -1 -1 -1 -1 -1 -1 -1 -1 -1 -1 -1 -1 -1 -1 -1 -1 -1 -1 -1 -1 -1 -1 -1 -1 -1 -1 -1 -1 -1 -1 -1 -1 -1 -1 -1 -1 -1 -1 -1 -1 -1 -1 -1 -1 -1 -1 -1 -1 -1 -1 -1 -1 -1 -1 -1 -1 -1 -1 -1 -1 -1 -1 -1 -1 -1 -1 -1 -1 -1 -1 -1 -1 -1 -1 -1 -1 -1 -1 -1 -1 -1 -1 -1 -1 -1 -1 -1 -1 -1 -1 -1 -1 -1 -1 -1 -1 -1 -1 -1 -1 -1 -1 -1 -1 -1 -1 -1 -1 -1 -1 -1 -1 -1 -1 -1 -1 -1 -1 -1
18      -1 -1 -1 -1 -1 -1 -1 -1 -1 -1 -1 -1 -1 -1 -1 -1 -1 -1 -1 -1 -1 -1 -1 -1 -1 -1 -1 -1 -1 -1 -1 -1 -1 -1 -1 -1 -1 -1 -1 -1 -1 -1 -1 -1 -1 -1 -1 -1 -1 -1 -1 -1 -1 -1 -1 -1 -1 -1 -1 -1 -1 -1 -1 -1 -1 -1 -1 -1 -1 -1 -1 -1 -1 -1 -1 -1 -1 -1 -1 -1 -1 -1 -1 -1 -1 -1 -1 -1 -1 -1 -1 -1 -1 -1 -1 -1 -1 -1 -1 -1 -1 -1 -1 -1 -1 -1 -1 -1 -1 -1 -1 -1 -1 -1 -1 -1 -1 -1 -1 -1 -1 -1 -1 -1 -1 -1 -1 -1 -1 -1 -1 -1 -1 -1 -1 -1 -1 -1 -1 -1 -1 -1 -1 -1 -1 -1 -1 -1 -1 -1 -1 -1 -1 -1 -1 -1 -1 -1 -1 -1 -1 -1 -1 -1 -1 -1 -1 -1 -1 -1 -1 -1 -1 -1 -1 -1 -1 -1 -1 -1 -1 -1 -1 -1 -1 -1 -1 -1 -1 -1 -1 -1 -1 -1 -1 -1 -1 -1 -1 -1 -1 -1 -1 -1 -1 -1 -1 -1 -1 -1 -1 -1 -1 -1 -1 -1 -1 -1 -1 -1 -1 -1 -1 -1 -1 -1 -1 -1 -1 -1 -1 -1 -1 -1 -1 -1 -1 -1 -1 -1 -1 -1 -1 -1 -1 -1 -1 -1 -1 -1 -1
19      -1 -1 -1 -1 -1 -1 -1 -1 -1 -1 -1 -1 -1 -1 -1 -1 -1 -1 -1 -1 -1 -1 -1 -1 -1 -1 -1 -1 -1 -1 -1 -1 -1 -1 -1 -1 -1 -1 -1 -1 -1 -1 -1 -1 -1 -1 -1 -1 -1 -1 -1 -1 -1 -1 -1 -1 -1 -1 -1 -1 -1 -1 -1 -1 -1 -1 -1 -1 -1 -1 -1 -1 -1 -1 -1 -1 -1 -1 -1 -1 -1 -1 -1 -1 -1 -1 -1 -1 -1 -1 -1 -1 -1 -1 -1 -1 -1 -1 -1 -1 -1 -1 -1 -1 -1 -1 -1 -1 -1 -1 -1 -1 -1 -1 -1 -1 -1 -1 -1 -1 -1 -1 -1 -1 -1 -1 -1 -1 -1 -1 -1 -1 -1 -1 -1 -1 -1 -1 -1 -1 -1 -1 -1 -1 -1 -1 -1 -1 -1 -1 -1 -1 -1 -1 -1 -1 -1 -1 -1 -1 -1 -1 -1 -1 -1 -1 -1 -1 -1 -1 -1 -1 -1 -1 -1 -1 -1 -1 -1 -1 -1 -1 -1 -1 -1 -1 -1 -1 -1 -1 -1 -1 -1 -1 -1 -1 -1 -1 -1 -1 -1 -1 -1 -1 -1 -1 -1 -1 -1 -1 -1 -1 -1 -1 -1 -1 -1 -1 -1 -1 -1 -1 -1 -1 -1 -1 -1 -1 -1 -1 -1 -1 -1 -1 -1 -1 -1 -1 -1 -1 -1 -1 -1 -1 -1 -1 -1 -1 -1 -1 -1
20      -1 -1 -1 -1 -1 10 2 7 2 6 6 -1 5 -1 -1 -1 -1 9 4 6 -1 5 -1 -1 6 -1 3 -1 -1 6 -1 4 -1 3 -1 12 -1 -1 -1 5 -1 5 -1 6 -1 -1 -1 -1 1 -1 7 -1 -1 9 8 -1 -1 7 3 -1 -1 -1 4 5 -1 -1 -1 -1 -1 4 -1 -1 7 -1 -1 4 2 -1 -1 -1 -1 -1 -1 -1 -1 2 8 3 -1 -1 -1 -1 -1 -1 5 -1 -1 -1 -1 -1 -1 -1 5 -1 -1 -1 7 -1 -1 -1 -1 -1 -1 -1 -1 5 10 -1 -1 -1 -1 -1 5 9 14 21 -1 -1 -1 -1 -1 -1 -1 -1 3 -1 20 -1 21 -1 -1 3 -1 -1 -1 -1 -1 5 8 19 -1 8 -1 6 -1 -1 8 -1 20 12 -1 -1 -1 -1 19 9 -1 -1 20 2 -1 -1 -1 -1 -1 -1 21 -1 20 6 23 -1 7 13 -1 -1 -1 -1 -1 -1 -1 23 19 21 -1 -1 13 3 4 16 13 -1 21 -1 16 14 20 6 10 -1 6 -1 22 -1 9 -1 -1 -1 19 16 -1 -1 12 -1 -1 18 -1 -1 -1 -1 -1 -1 -1 11 19 -1 -1 -1 13 4 -1 6 -1 -1 18 10 -1 6 -1 -1 -1
21      -1 -1 -1 -1 -1 11 3 6 2 2 6 -1 4 -1 -1 -1 -1 5 4 7 -1 6 -1 -1 6 -1 2 -1 -1 6 -1 3 -1 6 -1 10 -1 -1 -1 9 -1 6 -1 5 -1 -1 -1 -1 4 -1 7 -1 -1 13 8 -1 -1 10 10 -1 -1 -1 10 5 -1 -1 -1 -1 -1 5 -1 -1 9 -1 -1 5 2 -1 -1 -1 -1 -1 -1 -1 -1 2 9 4 -1 -1 -1 -1 -1 -1 3 -1 -1 -1 -1 -1 -1 -1 4 -1 -1 -1 8 -1 -1 -1 -1 -1 -1 -1 -1 4 7 -1 -1 -1 -1 -1 6 7 12 17 -1 -1 -1 -1 -1 -1 -1 -1 5 -1 20 -1 23 -1 -1 6 -1 -1 -1 -1 -1 6 8 20 -1 7 -1 7 -1 -1 8 -1 17 12 -1 -1 -1 -1 19 9 -1 -1 20 1 -1 -1 -1 -1 -1 -1 19 -1 17 11 19 -1 8 19 -1 -1 -1 -1 -1 -1 -1 18 19 21 -1 -1 12 4 4 16 13 -1 22 -1 13 14 22 2 10 -1 6 -1 18 -1 9 -1 -1 -1 20 15 -1 -1 17 -1 -1 19 -1 -1 -1 -1 -1 -1 -1 12 17 -1 -1 -1 13 2 -1 7 -1 -1 17 12 -1 6 -1 -1 -1
22      -1 -1 -1 -1 -1 -1 -1 -1 -1 -1 -1 -1 -1 -1 -1 -1 -1 -1 -1 -1 -1 -1 -1 -1 -1 -1 -1 -1 -1 -1 -1 -1 -1 -1 -1 -1 -1 -1 -1 -1 -1 -1 -1 -1 -1 -1 -1 -1 -1 -1 -1 -1 -1 -1 -1 -1 -1 -1 -1 -1 -1 -1 -1 -1 -1 -1 -1 -1 -1 -1 -1 -1 -1 -1 -1 -1 -1 -1 -1 -1 -1 -1 -1 -1 -1 -1 -1 -1 -1 -1 -1 -1 -1 -1 -1 -1 -1 -1 -1 -1 -1 -1 -1 -1 -1 -1 -1 -1 -1 -1 -1 -1 -1 -1 -1 -1 -1 -1 -1 -1 -1 -1 -1 -1 -1 -1 -1 -1 -1 -1 -1 -1 -1 -1 -1 -1 -1 -1 -1 -1 -1 -1 -1 -1 -1 -1 -1 -1 -1 -1 -1 -1 -1 -1 -1 -1 -1 -1 -1 -1 -1 -1 -1 -1 -1 -1 -1 -1 -1 -1 -1 -1 -1 -1 -1 -1 -1 -1 -1 -1 -1 -1 -1 -1 -1 -1 -1 -1 -1 -1 -1 -1 -1 -1 -1 -1 -1 -1 -1 -1 -1 -1 -1 -1 -1 -1 -1 -1 -1 -1 -1 -1 -1 -1 -1 -1 -1 -1 -1 -1 -1 -1 -1 -1 -1 -1 -1 -1 -1 -1 -1 -1 -1 -1 -1 -1 -1 -1 -1 -1 -1 -1 -1 -1 -1 -1 -1 -1 -1 -1 -1
23      -1 -1 -1 -1 -1 -1 -1 -1 -1 -1 -1 -1 -1 -1 -1 -1 -1 -1 -1 -1 -1 -1 -1 -1 -1 -1 -1 -1 -1 -1 -1 -1 -1 -1 -1 -1 -1 -1 -1 -1 -1 -1 -1 -1 -1 -1 -1 -1 -1 -1 -1 -1 -1 -1 -1 -1 -1 -1 -1 -1 -1 -1 -1 -1 -1 -1 -1 -1 -1 -1 -1 -1 -1 -1 -1 -1 -1 -1 -1 -1 -1 -1 -1 -1 -1 -1 -1 -1 -1 -1 -1 -1 -1 -1 -1 -1 -1 -1 -1 -1 -1 -1 -1 -1 -1 -1 -1 -1 -1 -1 -1 -1 -1 -1 -1 -1 -1 -1 -1 -1 -1 -1 -1 -1 -1 -1 -1 -1 -1 -1 -1 -1 -1 -1 -1 -1 -1 -1 -1 -1 -1 -1 -1 -1 -1 -1 -1 -1 -1 -1 -1 -1 -1 -1 -1 -1 -1 -1 -1 -1 -1 -1 -1 -1 -1 -1 -1 -1 -1 -1 -1 -1 -1 -1 -1 -1 -1 -1 -1 -1 -1 -1 -1 -1 -1 -1 -1 -1 -1 -1 -1 -1 -1 -1 -1 -1 -1 -1 -1 -1 -1 -1 -1 -1 -1 -1 -1 -1 -1 -1 -1 -1 -1 -1 -1 -1 -1 -1 -1 -1 -1 -1 -1 -1 -1 -1 -1 -1 -1 -1 -1 -1 -1 -1 -1 -1 -1 -1 -1 -1 -1 -1 -1 -1 -1 -1 -1 -1 -1 -1 -1
24      -1 -1 -1 -1 -1 12 2 8 4 2 8 -1 4 -1 -1 -1 -1 9 5 9 -1 5 -1 -1 6 -1 2 -1 -1 8 -1 3 -1 6 -1 11 -1 -1 -1 6 -1 6 -1 6 -1 -1 -1 -1 3 -1 8 -1 -1 9 7 -1 -1 4 9 -1 -1 -1 6 3 -1 -1 -1 -1 -1 3 -1 -1 7 -1 -1 4 2 -1 -1 -1 -1 -1 -1 -1 -1 1 10 5 -1 -1 -1 -1 -1 -1 4 -1 -1 -1 -1 -1 -1 -1 3 -1 -1 -1 7 -1 -1 -1 -1 -1 -1 -1 -1 3 9 -1 -1 -1 -1 -1 8 11 9 16 -1 -1 -1 -1 -1 -1 -1 -1 4 -1 20 -1 18 -1 -1 3 -1 -1 -1 -1 -1 6 14 19 -1 7 -1 7 -1 -1 5 -1 22 15 -1 -1 -1 -1 20 6 -1 -1 19 1 -1 -1 -1 -1 -1 -1 21 -1 15 9 20 -1 7 14 -1 -1 -1 -1 -1 -1 -1 17 18 22 -1 -1 13 4 4 16 14 -1 19 -1 15 16 20 7 9 -1 5 -1 16 -1 9 -1 -1 -1 22 16 -1 -1 18 -1 -1 21 -1 -1 -1 -1 -1 -1 -1 14 17 -1 -1 -1 13 2 -1 6 -1 -1 17 11 -1 7 -1 -1 -1
25      -1 -1 11 -1 6 8 5 7 -1 -1 8 4 -1 -1 10 8 -1 -1 -1 -1 2 -1 -1 4 -1 12 -1 7 11 -1 8 -1 6 6 -1 -1 -1 2 6 5 6 5 -1 -1 -1 6 14 3 -1 6 -1 2 -1 -1 -1 8 5 -1 -1 2 3 -1 -1 3 -1 -1 -1 -1 -1 -1 11 1 -1 6 -1 -1 -1 -1 -1 -1 -1 -1 -1 -1 -1 2 11 6 6 6 -1 -1 -1 5 -1 -1 1 3 -1 4 4 -1 -1 1 -1 7 -1 4 8 3 -1 -1 5 6 -1 -1 -1 6 -1 -1 5 -1 -1 -1 12 -1 5 -1 -1 13 22 -1 -1 -1 1 -1 -1 5 -1 15 -1 -1 -1 -1 -1 -1 6 -1 12 19 7 -1 19 -1 10 13 -1 -1 22 -1 -1 14 -1 6 19 -1 2 -1 19 -1 18 15 -1 12 11 -1 -1 24 -1 6 -1 -1 -1 20 8 -1 8 6 -1 -1 -1 23 -1 24 -1 17 11 1 4 -1 -1 18 -1 -1 -1 -1 19 -1 -1 -1 -1 11 -1 13 10 15 13 17 -1 15 -1 -1 -1 2 -1 -1 -1 16 -1 -1 9 -1 -1 16 -1 -1 20 -1 -1 2 4 -1 17 -1 -1 9 -1 -1 -1 15 14
26      -1 -1 -1 -1 -1 -1 -1 -1 -1 -1 -1 -1 -1 -1 -1 -1 -1 -1 -1 -1 -1 -1 -1 -1 -1 -1 -1 -1 -1 -1 -1 -1 -1 -1 -1 -1 -1 -1 -1 -1 -1 -1 -1 -1 -1 -1 -1 -1 -1 -1 -1 -1 -1 -1 -1 -1 -1 -1 -1 -1 -1 -1 -1 -1 -1 -1 -1 -1 -1 -1 -1 -1 -1 -1 -1 -1 -1 -1 -1 -1 -1 -1 -1 -1 -1 -1 -1 -1 -1 -1 -1 -1 -1 -1 -1 -1 -1 -1 -1 -1 -1 -1 -1 -1 -1 -1 -1 -1 -1 -1 -1 -1 -1 -1 -1 -1 -1 -1 -1 -1 -1 -1 -1 -1 -1 -1 -1 -1 -1 -1 -1 -1 -1 -1 -1 -1 -1 -1 -1 -1 -1 -1 -1 -1 -1 -1 -1 -1 -1 -1 -1 -1 -1 -1 -1 -1 -1 -1 -1 -1 -1 -1 -1 -1 -1 -1 -1 -1 -1 -1 -1 -1 -1 -1 -1 -1 -1 -1 -1 -1 -1 -1 -1 -1 -1 -1 -1 -1 -1 -1 -1 -1 -1 -1 -1 -1 -1 -1 -1 -1 -1 -1 -1 -1 -1 -1 -1 -1 -1 -1 -1 -1 -1 -1 -1 -1 -1 -1 -1 -1 -1 -1 -1 -1 -1 -1 -1 -1 -1 -1 -1 -1 -1 -1 -1 -1 -1 -1 -1 -1 -1 -1 -1 -1 -1 -1 -1 -1 -1 -1 -1
27      -1 -1 -1 -1 -1 -1 -1 -1 -1 -1 -1 -1 -1 -1 -1 -1 -1 -1 -1 -1 -1 -1 -1 -1 -1 -1 -1 -1 -1 -1 -1 -1 -1 -1 -1 -1 -1 -1 -1 -1 -1 -1 -1 -1 -1 -1 -1 -1 -1 -1 -1 -1 -1 -1 -1 -1 -1 -1 -1 -1 -1 -1 -1 -1 -1 -1 -1 -1 -1 -1 -1 -1 -1 -1 -1 -1 -1 -1 -1 -1 -1 -1 -1 -1 -1 -1 -1 -1 -1 -1 -1 -1 -1 -1 -1 -1 -1 -1 -1 -1 -1 -1 -1 -1 -1 -1 -1 -1 -1 -1 -1 -1 -1 -1 -1 -1 -1 -1 -1 -1 -1 -1 -1 -1 -1 -1 -1 -1 -1 -1 -1 -1 -1 -1 -1 -1 -1 -1 -1 -1 -1 -1 -1 -1 -1 -1 -1 -1 -1 -1 -1 -1 -1 -1 -1 -1 -1 -1 -1 -1 -1 -1 -1 -1 -1 -1 -1 -1 -1 -1 -1 -1 -1 -1 -1 -1 -1 -1 -1 -1 -1 -1 -1 -1 -1 -1 -1 -1 -1 -1 -1 -1 -1 -1 -1 -1 -1 -1 -1 -1 -1 -1 -1 -1 -1 -1 -1 -1 -1 -1 -1 -1 -1 -1 -1 -1 -1 -1 -1 -1 -1 -1 -1 -1 -1 -1 -1 -1 -1 -1 -1 -1 -1 -1 -1 -1 -1 -1 -1 -1 -1 -1 -1 -1 -1 -1 -1 -1 -1 -1 -1
28      -1 -1 -1 -1 -1 -1 -1 -1 -1 -1 -1 -1 -1 -1 -1 -1 -1 -1 -1 -1 -1 -1 -1 -1 -1 -1 -1 -1 -1 -1 -1 -1 -1 -1 -1 -1 -1 -1 -1 -1 -1 -1 -1 -1 -1 -1 -1 -1 -1 -1 -1 -1 -1 -1 -1 -1 -1 -1 -1 -1 -1 -1 -1 -1 -1 -1 -1 -1 -1 -1 -1 -1 -1 -1 -1 -1 -1 -1 -1 -1 -1 -1 -1 -1 -1 -1 -1 -1 -1 -1 -1 -1 -1 -1 -1 -1 -1 -1 -1 -1 -1 -1 -1 -1 -1 -1 -1 -1 -1 -1 -1 -1 -1 -1 -1 -1 -1 -1 -1 -1 -1 -1 -1 -1 -1 -1 -1 -1 -1 -1 -1 -1 -1 -1 -1 -1 -1 -1 -1 -1 -1 -1 -1 -1 -1 -1 -1 -1 -1 -1 -1 -1 -1 -1 -1 -1 -1 -1 -1 -1 -1 -1 -1 -1 -1 -1 -1 -1 -1 -1 -1 -1 -1 -1 -1 -1 -1 -1 -1 -1 -1 -1 -1 -1 -1 -1 -1 -1 -1 -1 -1 -1 -1 -1 -1 -1 -1 -1 -1 -1 -1 -1 -1 -1 -1 -1 -1 -1 -1 -1 -1 -1 -1 -1 -1 -1 -1 -1 -1 -1 -1 -1 -1 -1 -1 -1 -1 -1 -1 -1 -1 -1 -1 -1 -1 -1 -1 -1 -1 -1 -1 -1 -1 -1 -1 -1 -1 -1 -1 -1 -1
29      -1 -1 8 -1 8 10 5 5 -1 -1 8 3 -1 -1 5 9 -1 -1 -1 -1 3 -1 -1 3 -1 11 -1 5 10 -1 6 -1 6 5 -1 -1 -1 5 8 5 7 6 -1 -1 -1 5 8 2 -1 5 -1 6 -1 -1 -1 6 8 -1 -1 3 6 -1 -1 3 -1 -1 -1 -1 -1 -1 13 4 -1 6 -1 -1 -1 -1 -1 -1 -1 -1 -1 -1 -1 1 8 5 5 6 -1 -1 -1 7 -1 -1 3 5 -1 4 2 -1 -1 2 -1 9 -1 6 9 3 -1 -1 5 5 -1 -1 -1 7 -1 -1 6 -1 -1 -1 12 -1 7 -1 -1 14 18 -1 -1 -1 1 -1 -1 6 -1 19 -1 -1 -1 -1 -1 -1 1 -1 11 19 8 -1 17 -1 9 13 -1 -1 21 -1 -1 15 -1 3 20 -1 3 -1 18 -1 17 14 -1 11 11 -1 -1 22 -1 8 -1 -1 -1 20 5 -1 6 7 -1 -1 -1 17 -1 24 -1 16 10 3 4 -1 -1 16 -1 -1 -1 -1 19 -1 -1 -1 -1 4 -1 9 10 16 11 17 -1 16 -1 -1 -1 3 -1 -1 -1 18 -1 -1 9 -1 -1 11 -1 -1 18 -1 -1 3 3 -1 18 -1 -1 10 -1 -1 -1 16 11
30      -1 -1 -1 -1 -1 -1 -1 -1 -1 -1 -1 -1 -1 -1 -1 -1 -1 -1 -1 -1 -1 -1 -1 -1 -1 -1 -1 -1 -1 -1 -1 -1 -1 -1 -1 -1 -1 -1 -1 -1 -1 -1 -1 -1 -1 -1 -1 -1 -1 -1 -1 -1 -1 -1 -1 -1 -1 -1 -1 -1 -1 -1 -1 -1 -1 -1 -1 -1 -1 -1 -1 -1 -1 -1 -1 -1 -1 -1 -1 -1 -1 -1 -1 -1 -1 -1 -1 -1 -1 -1 -1 -1 -1 -1 -1 -1 -1 -1 -1 -1 -1 -1 -1 -1 -1 -1 -1 -1 -1 -1 -1 -1 -1 -1 -1 -1 -1 -1 -1 -1 -1 -1 -1 -1 -1 -1 -1 -1 -1 -1 -1 -1 -1 -1 -1 -1 -1 -1 -1 -1 -1 -1 -1 -1 -1 -1 -1 -1 -1 -1 -1 -1 -1 -1 -1 -1 -1 -1 -1 -1 -1 -1 -1 -1 -1 -1 -1 -1 -1 -1 -1 -1 -1 -1 -1 -1 -1 -1 -1 -1 -1 -1 -1 -1 -1 -1 -1 -1 -1 -1 -1 -1 -1 -1 -1 -1 -1 -1 -1 -1 -1 -1 -1 -1 -1 -1 -1 -1 -1 -1 -1 -1 -1 -1 -1 -1 -1 -1 -1 -1 -1 -1 -1 -1 -1 -1 -1 -1 -1 -1 -1 -1 -1 -1 -1 -1 -1 -1 -1 -1 -1 -1 -1 -1 -1 -1 -1 -1 -1 -1 -1
31      -1 -1 -1 -1 -1 -1 -1 -1 -1 -1 -1 -1 -1 -1 -1 -1 -1 -1 -1 -1 -1 -1 -1 -1 -1 -1 -1 -1 -1 -1 -1 -1 -1 -1 -1 -1 -1 -1 -1 -1 -1 -1 -1 -1 -1 -1 -1 -1 -1 -1 -1 -1 -1 -1 -1 -1 -1 -1 -1 -1 -1 -1 -1 -1 -1 -1 -1 -1 -1 -1 -1 -1 -1 -1 -1 -1 -1 -1 -1 -1 -1 -1 -1 -1 -1 -1 -1 -1 -1 -1 -1 -1 -1 -1 -1 -1 -1 -1 -1 -1 -1 -1 -1 -1 -1 -1 -1 -1 -1 -1 -1 -1 -1 -1 -1 -1 -1 -1 -1 -1 -1 -1 -1 -1 -1 -1 -1 -1 -1 -1 -1 -1 -1 -1 -1 -1 -1 -1 -1 -1 -1 -1 -1 -1 -1 -1 -1 -1 -1 -1 -1 -1 -1 -1 -1 -1 -1 -1 -1 -1 -1 -1 -1 -1 -1 -1 -1 -1 -1 -1 -1 -1 -1 -1 -1 -1 -1 -1 -1 -1 -1 -1 -1 -1 -1 -1 -1 -1 -1 -1 -1 -1 -1 -1 -1 -1 -1 -1 -1 -1 -1 -1 -1 -1 -1 -1 -1 -1 -1 -1 -1 -1 -1 -1 -1 -1 -1 -1 -1 -1 -1 -1 -1 -1 -1 -1 -1 -1 -1 -1 -1 -1 -1 -1 -1 -1 -1 -1 -1 -1 -1 -1 -1 -1 -1 -1 -1 -1 -1 -1 -1
32      -1 -1 -1 -1 -1 -1 -1 -1 -1 -1 -1 -1 -1 -1 -1 -1 -1 -1 -1 -1 -1 -1 -1 -1 -1 -1 -1 -1 -1 -1 -1 -1 -1 -1 -1 -1 -1 -1 -1 -1 -1 -1 -1 -1 -1 -1 -1 -1 -1 -1 -1 -1 -1 -1 -1 -1 -1 -1 -1 -1 -1 -1 -1 -1 -1 -1 -1 -1 -1 -1 -1 -1 -1 -1 -1 -1 -1 -1 -1 -1 -1 -1 -1 -1 -1 -1 -1 -1 -1 -1 -1 -1 -1 -1 -1 -1 -1 -1 -1 -1 -1 -1 -1 -1 -1 -1 -1 -1 -1 -1 -1 -1 -1 -1 -1 -1 -1 -1 -1 -1 -1 -1 -1 -1 -1 -1 -1 -1 -1 -1 -1 -1 -1 -1 -1 -1 -1 -1 -1 -1 -1 -1 -1 -1 -1 -1 -1 -1 -1 -1 -1 -1 -1 -1 -1 -1 -1 -1 -1 -1 -1 -1 -1 -1 -1 -1 -1 -1 -1 -1 -1 -1 -1 -1 -1 -1 -1 -1 -1 -1 -1 -1 -1 -1 -1 -1 -1 -1 -1 -1 -1 -1 -1 -1 -1 -1 -1 -1 -1 -1 -1 -1 -1 -1 -1 -1 -1 -1 -1 -1 -1 -1 -1 -1 -1 -1 -1 -1 -1 -1 -1 -1 -1 -1 -1 -1 -1 -1 -1 -1 -1 -1 -1 -1 -1 -1 -1 -1 -1 -1 -1 -1 -1 -1 -1 -1 -1 -1 -1 -1 -1
33      -1 -1 -1 -1 -1 -1 -1 -1 -1 -1 -1 -1 -1 -1 -1 -1 -1 -1 -1 -1 -1 -1 -1 -1 -1 -1 -1 -1 -1 -1 -1 -1 -1 -1 -1 -1 -1 -1 -1 -1 -1 -1 -1 -1 -1 -1 -1 -1 -1 -1 -1 -1 -1 -1 -1 -1 -1 -1 -1 -1 -1 -1 -1 -1 -1 -1 -1 -1 -1 -1 -1 -1 -1 -1 -1 -1 -1 -1 -1 -1 -1 -1 -1 -1 -1 -1 -1 -1 -1 -1 -1 -1 -1 -1 -1 -1 -1 -1 -1 -1 -1 -1 -1 -1 -1 -1 -1 -1 -1 -1 -1 -1 -1 -1 -1 -1 -1 -1 -1 -1 -1 -1 -1 -1 -1 -1 -1 -1 -1 -1 -1 -1 -1 -1 -1 -1 -1 -1 -1 -1 -1 -1 -1 -1 -1 -1 -1 -1 -1 -1 -1 -1 -1 -1 -1 -1 -1 -1 -1 -1 -1 -1 -1 -1 -1 -1 -1 -1 -1 -1 -1 -1 -1 -1 -1 -1 -1 -1 -1 -1 -1 -1 -1 -1 -1 -1 -1 -1 -1 -1 -1 -1 -1 -1 -1 -1 -1 -1 -1 -1 -1 -1 -1 -1 -1 -1 -1 -1 -1 -1 -1 -1 -1 -1 -1 -1 -1 -1 -1 -1 -1 -1 -1 -1 -1 -1 -1 -1 -1 -1 -1 -1 -1 -1 -1 -1 -1 -1 -1 -1 -1 -1 -1 -1 -1 -1 -1 -1 -1 -1 -1
34      -1 -1 -1 -1 -1 -1 -1 -1 -1 -1 -1 -1 -1 -1 -1 -1 -1 -1 -1 -1 -1 -1 -1 -1 -1 -1 -1 -1 -1 -1 -1 -1 -1 -1 -1 -1 -1 -1 -1 -1 -1 -1 -1 -1 -1 -1 -1 -1 -1 -1 -1 -1 -1 -1 -1 -1 -1 -1 -1 -1 -1 -1 -1 -1 -1 -1 -1 -1 -1 -1 -1 -1 -1 -1 -1 -1 -1 -1 -1 -1 -1 -1 -1 -1 -1 -1 -1 -1 -1 -1 -1 -1 -1 -1 -1 -1 -1 -1 -1 -1 -1 -1 -1 -1 -1 -1 -1 -1 -1 -1 -1 -1 -1 -1 -1 -1 -1 -1 -1 -1 -1 -1 -1 -1 -1 -1 -1 -1 -1 -1 -1 -1 -1 -1 -1 -1 -1 -1 -1 -1 -1 -1 -1 -1 -1 -1 -1 -1 -1 -1 -1 -1 -1 -1 -1 -1 -1 -1 -1 -1 -1 -1 -1 -1 -1 -1 -1 -1 -1 -1 -1 -1 -1 -1 -1 -1 -1 -1 -1 -1 -1 -1 -1 -1 -1 -1 -1 -1 -1 -1 -1 -1 -1 -1 -1 -1 -1 -1 -1 -1 -1 -1 -1 -1 -1 -1 -1 -1 -1 -1 -1 -1 -1 -1 -1 -1 -1 -1 -1 -1 -1 -1 -1 -1 -1 -1 -1 -1 -1 -1 -1 -1 -1 -1 -1 -1 -1 -1 -1 -1 -1 -1 -1 -1 -1 -1 -1 -1 -1 -1 -1
35      -1 -1 9 -1 9 -1 -1 -1 3 -1 -1 3 -1 -1 -1 9 -1 -1 3 -1 -1 -1 9 -1 -1 -1 -1 9 8 -1 -1 2 4 -1 7 9 8 -1 -1 -1 -1 -1 2 -1 11 -1 -1 -1 -1 -1 -1 3 -1 -1 8 -1 -1 -1 -1 5 -1 9 -1 3 -1 -1 -1 -1 -1 -1 11 -1 -1 9 3 -1 3 -1 8 -1 -1 -1 8 -1 -1 -1 -1 -1 -1 -1 9 -1 -1 5 -1 -1 4 -1 -1 4 -1 -1 -1 -1 -1 -1 -1 -1 -1 2 7 7 7 5 8 5 -1 -1 -1 6 5 7 9 -1 10 21 -1 10 21 13 20 -1 21 -1 1 -1 -1 -1 19 -1 7 -1 -1 -1 -1 22 -1 6 -1 -1 7 -1 -1 6 8 13 -1 10 -1 11 18 11 19 -1 -1 -1 2 4 18 2 -1 12 -1 12 15 -1 -1 21 18 8 21 -1 -1 -1 7 24 -1 -1 -1 8 -1 -1 -1 -1 16 17 -1 -1 -1 -1 14 -1 -1 9 -1 -1 18 -1 -1 16 6 10 20 10 -1 16 -1 -1 20 -1 -1 -1 -1 -1 -1 -1 -1 -1 -1 -1 -1 3 -1 -1 -1 -1 -1 -1 -1 -1 -1 -1 -1 17 -1 -1 -1 7 -1 -1 -1
36      -1 -1 -1 -1 -1 -1 -1 -1 -1 -1 -1 -1 -1 -1 -1 -1 -1 -1 -1 -1 -1 -1 -1 -1 -1 -1 -1 -1 -1 -1 -1 -1 -1 -1 -1 -1 -1 -1 -1 -1 -1 -1 -1 -1 -1 -1 -1 -1 -1 -1 -1 -1 -1 -1 -1 -1 -1 -1 -1 -1 -1 -1 -1 -1 -1 -1 -1 -1 -1 -1 -1 -1 -1 -1 -1 -1 -1 -1 -1 -1 -1 -1 -1 -1 -1 -1 -1 -1 -1 -1 -1 -1 -1 -1 -1 -1 -1 -1 -1 -1 -1 -1 -1 -1 -1 -1 -1 -1 -1 -1 -1 -1 -1 -1 -1 -1 -1 -1 -1 -1 -1 -1 -1 -1 -1 -1 -1 -1 -1 -1 -1 -1 -1 -1 -1 -1 -1 -1 -1 -1 -1 -1 -1 -1 -1 -1 -1 -1 -1 -1 -1 -1 -1 -1 -1 -1 -1 -1 -1 -1 -1 -1 -1 -1 -1 -1 -1 -1 -1 -1 -1 -1 -1 -1 -1 -1 -1 -1 -1 -1 -1 -1 -1 -1 -1 -1 -1 -1 -1 -1 -1 -1 -1 -1 -1 -1 -1 -1 -1 -1 -1 -1 -1 -1 -1 -1 -1 -1 -1 -1 -1 -1 -1 -1 -1 -1 -1 -1 -1 -1 -1 -1 -1 -1 -1 -1 -1 -1 -1 -1 -1 -1 -1 -1 -1 -1 -1 -1 -1 -1 -1 -1 -1 -1 -1 -1 -1 -1 -1 -1 -1
37      -1 -1 -1 -1 -1 -1 -1 -1 -1 -1 -1 -1 -1 -1 -1 -1 -1 -1 -1 -1 -1 -1 -1 -1 -1 -1 -1 -1 -1 -1 -1 -1 -1 -1 -1 -1 -1 -1 -1 -1 -1 -1 -1 -1 -1 -1 -1 -1 -1 -1 -1 -1 -1 -1 -1 -1 -1 -1 -1 -1 -1 -1 -1 -1 -1 -1 -1 -1 -1 -1 -1 -1 -1 -1 -1 -1 -1 -1 -1 -1 -1 -1 -1 -1 -1 -1 -1 -1 -1 -1 -1 -1 -1 -1 -1 -1 -1 -1 -1 -1 -1 -1 -1 -1 -1 -1 -1 -1 -1 -1 -1 -1 -1 -1 -1 -1 -1 -1 -1 -1 -1 -1 -1 -1 -1 -1 -1 -1 -1 -1 -1 -1 -1 -1 -1 -1 -1 -1 -1 -1 -1 -1 -1 -1 -1 -1 -1 -1 -1 -1 -1 -1 -1 -1 -1 -1 -1 -1 -1 -1 -1 -1 -1 -1 -1 -1 -1 -1 -1 -1 -1 -1 -1 -1 -1 -1 -1 -1 -1 -1 -1 -1 -1 -1 -1 -1 -1 -1 -1 -1 -1 -1 -1 -1 -1 -1 -1 -1 -1 -1 -1 -1 -1 -1 -1 -1 -1 -1 -1 -1 -1 -1 -1 -1 -1 -1 -1 -1 -1 -1 -1 -1 -1 -1 -1 -1 -1 -1 -1 -1 -1 -1 -1 -1 -1 -1 -1 -1 -1 -1 -1 -1 -1 -1 -1 -1 -1 -1 -1 -1 -1
38      -1 -1 -1 -1 -1 -1 -1 -1 -1 -1 -1 -1 -1 -1 -1 -1 -1 -1 -1 -1 -1 -1 -1 -1 -1 -1 -1 -1 -1 -1 -1 -1 -1 -1 -1 -1 -1 -1 -1 -1 -1 -1 -1 -1 -1 -1 -1 -1 -1 -1 -1 -1 -1 -1 -1 -1 -1 -1 -1 -1 -1 -1 -1 -1 -1 -1 -1 -1 -1 -1 -1 -1 -1 -1 -1 -1 -1 -1 -1 -1 -1 -1 -1 -1 -1 -1 -1 -1 -1 -1 -1 -1 -1 -1 -1 -1 -1 -1 -1 -1 -1 -1 -1 -1 -1 -1 -1 -1 -1 -1 -1 -1 -1 -1 -1 -1 -1 -1 -1 -1 -1 -1 -1 -1 -1 -1 -1 -1 -1 -1 -1 -1 -1 -1 -1 -1 -1 -1 -1 -1 -1 -1 -1 -1 -1 -1 -1 -1 -1 -1 -1 -1 -1 -1 -1 -1 -1 -1 -1 -1 -1 -1 -1 -1 -1 -1 -1 -1 -1 -1 -1 -1 -1 -1 -1 -1 -1 -1 -1 -1 -1 -1 -1 -1 -1 -1 -1 -1 -1 -1 -1 -1 -1 -1 -1 -1 -1 -1 -1 -1 -1 -1 -1 -1 -1 -1 -1 -1 -1 -1 -1 -1 -1 -1 -1 -1 -1 -1 -1 -1 -1 -1 -1 -1 -1 -1 -1 -1 -1 -1 -1 -1 -1 -1 -1 -1 -1 -1 -1 -1 -1 -1 -1 -1 -1 -1 -1 -1 -1 -1 -1
39      -1 -1 -1 -1 -1 -1 -1 -1 -1 -1 -1 -1 -1 -1 -1 -1 -1 -1 -1 -1 -1 -1 -1 -1 -1 -1 -1 -1 -1 -1 -1 -1 -1 -1 -1 -1 -1 -1 -1 -1 -1 -1 -1 -1 -1 -1 -1 -1 -1 -1 -1 -1 -1 -1 -1 -1 -1 -1 -1 -1 -1 -1 -1 -1 -1 -1 -1 -1 -1 -1 -1 -1 -1 -1 -1 -1 -1 -1 -1 -1 -1 -1 -1 -1 -1 -1 -1 -1 -1 -1 -1 -1 -1 -1 -1 -1 -1 -1 -1 -1 -1 -1 -1 -1 -1 -1 -1 -1 -1 -1 -1 -1 -1 -1 -1 -1 -1 -1 -1 -1 -1 -1 -1 -1 -1 -1 -1 -1 -1 -1 -1 -1 -1 -1 -1 -1 -1 -1 -1 -1 -1 -1 -1 -1 -1 -1 -1 -1 -1 -1 -1 -1 -1 -1 -1 -1 -1 -1 -1 -1 -1 -1 -1 -1 -1 -1 -1 -1 -1 -1 -1 -1 -1 -1 -1 -1 -1 -1 -1 -1 -1 -1 -1 -1 -1 -1 -1 -1 -1 -1 -1 -1 -1 -1 -1 -1 -1 -1 -1 -1 -1 -1 -1 -1 -1 -1 -1 -1 -1 -1 -1 -1 -1 -1 -1 -1 -1 -1 -1 -1 -1 -1 -1 -1 -1 -1 -1 -1 -1 -1 -1 -1 -1 -1 -1 -1 -1 -1 -1 -1 -1 -1 -1 -1 -1 -1 -1 -1 -1 -1 -1
40      -1 -1 -1 -1 -1 -1 -1 5 2 3 -1 4 5 -1 6 8 4 -1 -1 12 -1 7 -1 -1 -1 -1 -1 5 9 -1 7 -1 -1 -1 -1 -1 10 4 -1 -1 5 -1 -1 -1 -1 8 11 2 1 6 -1 -1 -1 -1 8 -1 4 8 -1 -1 -1 7 -1 -1 -1 -1 -1 6 5 -1 -1 1 -1 -1 3 4 -1 -1 -1 9 8 5 -1 8 5 -1 11 -1 5 -1 5 5 8 4 7 -1 -1 -1 -1 -1 6 -1 -1 -1 -1 6 8 -1 -1 -1 7 6 -1 -1 -1 -1 -1 -1 7 4 -1 -1 -1 10 -1 -1 -1 11 -1 13 -1 -1 -1 19 -1 14 23 -1 23 -1 -1 4 -1 14 -1 20 7 -1 -1 -1 -1 -1 17 8 -1 -1 5 -1 -1 -1 -1 -1 -1 5 -1 9 3 5 -1 -1 18 -1 -1 -1 -1 7 -1 21 14 -1 -1 8 7 -1 5 -1 8 6 -1 -1 21 -1 18 -1 -1 -1 11 -1 4 17 13 -1 21 12 -1 16 -1 -1 -1 -1 -1 -1 -1 9 -1 -1 -1 -1 -1 -1 -1 20 -1 -1 -1 -1 -1 -1 12 3 -1 -1 -1 -1 -1 11 -1 5 -1 1 -1 -1 -1 16 -1 10 -1 -1 -1 -1 -1
41      -1 -1 -1 -1 -1 -1 -1 7 5 7 -1 3 6 -1 7 5 9 -1 -1 12 -1 5 -1 -1 -1 -1 -1 6 8 -1 7 -1 -1 -1 -1 -1 9 5 -1 -1 8 -1 -1 -1 -1 12 8 6 2 6 -1 -1 -1 -1 7 -1 4 8 -1 -1 -1 9 -1 -1 -1 -1 -1 3 4 -1 -1 1 -1 -1 6 5 -1 -1 -1 11 9 6 -1 10 2 -1 7 -1 3 -1 4 4 11 6 7 -1 -1 -1 -1 -1 3 -1 -1 -1 -1 5 7 -1 -1 -1 7 3 -1 -1 -1 -1 -1 -1 7 5 -1 -1 -1 8 -1 -1 -1 10 -1 14 -1 -1 -1 19 -1 16 22 -1 23 -1 -1 5 -1 12 -1 21 6 -1 -1 -1 -1 -1 19 6 -1 -1 10 -1 -1 -1 -1 -1 -1 4 -1 5 3 4 -1 -1 17 -1 -1 -1 -1 4 -1 21 21 -1 -1 8 7 -1 5 -1 4 8 -1 -1 17 -1 18 -1 -1 -1 10 -1 2 17 13 -1 23 13 -1 16 -1 -1 -1 -1 -1 -1 -1 8 -1 -1 -1 -1 -1 -1 -1 21 -1 -1 -1 -1 -1 -1 13 2 -1 -1 -1 -1 -1 11 -1 8 -1 1 -1 -1 -1 17 -1 11 -1 -1 -1 -1 -1
42      -1 -1 -1 -1 -1 -1 -1 -1 -1 -1 -1 -1 -1 -1 -1 -1 -1 -1 -1 -1 -1 -1 -1 -1 -1 -1 -1 -1 -1 -1 -1 -1 -1 -1 -1 -1 -1 -1 -1 -1 -1 -1 -1 -1 -1 -1 -1 -1 -1 -1 -1 -1 -1 -1 -1 -1 -1 -1 -1 -1 -1 -1 -1 -1 -1 -1 -1 -1 -1 -1 -1 -1 -1 -1 -1 -1 -1 -1 -1 -1 -1 -1 -1 -1 -1 -1 -1 -1 -1 -1 -1 -1 -1 -1 -1 -1 -1 -1 -1 -1 -1 -1 -1 -1 -1 -1 -1 -1 -1 -1 -1 -1 -1 -1 -1 -1 -1 -1 -1 -1 -1 -1 -1 -1 -1 -1 -1 -1 -1 -1 -1 -1 -1 -1 -1 -1 -1 -1 -1 -1 -1 -1 -1 -1 -1 -1 -1 -1 -1 -1 -1 -1 -1 -1 -1 -1 -1 -1 -1 -1 -1 -1 -1 -1 -1 -1 -1 -1 -1 -1 -1 -1 -1 -1 -1 -1 -1 -1 -1 -1 -1 -1 -1 -1 -1 -1 -1 -1 -1 -1 -1 -1 -1 -1 -1 -1 -1 -1 -1 -1 -1 -1 -1 -1 -1 -1 -1 -1 -1 -1 -1 -1 -1 -1 -1 -1 -1 -1 -1 -1 -1 -1 -1 -1 -1 -1 -1 -1 -1 -1 -1 -1 -1 -1 -1 -1 -1 -1 -1 -1 -1 -1 -1 -1 -1 -1 -1 -1 -1 -1 -1
43      -1 -1 -1 -1 -1 -1 -1 -1 -1 -1 -1 -1 -1 -1 -1 -1 -1 -1 -1 -1 -1 -1 -1 -1 -1 -1 -1 -1 -1 -1 -1 -1 -1 -1 -1 -1 -1 -1 -1 -1 -1 -1 -1 -1 -1 -1 -1 -1 -1 -1 -1 -1 -1 -1 -1 -1 -1 -1 -1 -1 -1 -1 -1 -1 -1 -1 -1 -1 -1 -1 -1 -1 -1 -1 -1 -1 -1 -1 -1 -1 -1 -1 -1 -1 -1 -1 -1 -1 -1 -1 -1 -1 -1 -1 -1 -1 -1 -1 -1 -1 -1 -1 -1 -1 -1 -1 -1 -1 -1 -1 -1 -1 -1 -1 -1 -1 -1 -1 -1 -1 -1 -1 -1 -1 -1 -1 -1 -1 -1 -1 -1 -1 -1 -1 -1 -1 -1 -1 -1 -1 -1 -1 -1 -1 -1 -1 -1 -1 -1 -1 -1 -1 -1 -1 -1 -1 -1 -1 -1 -1 -1 -1 -1 -1 -1 -1 -1 -1 -1 -1 -1 -1 -1 -1 -1 -1 -1 -1 -1 -1 -1 -1 -1 -1 -1 -1 -1 -1 -1 -1 -1 -1 -1 -1 -1 -1 -1 -1 -1 -1 -1 -1 -1 -1 -1 -1 -1 -1 -1 -1 -1 -1 -1 -1 -1 -1 -1 -1 -1 -1 -1 -1 -1 -1 -1 -1 -1 -1 -1 -1 -1 -1 -1 -1 -1 -1 -1 -1 -1 -1 -1 -1 -1 -1 -1 -1 -1 -1 -1 -1 -1
44      -1 -1 -1 -1 -1 -1 -1 -1 -1 -1 -1 -1 -1 -1 -1 -1 -1 -1 -1 -1 -1 -1 -1 -1 -1 -1 -1 -1 -1 -1 -1 -1 -1 -1 -1 -1 -1 -1 -1 -1 -1 -1 -1 -1 -1 -1 -1 -1 -1 -1 -1 -1 -1 -1 -1 -1 -1 -1 -1 -1 -1 -1 -1 -1 -1 -1 -1 -1 -1 -1 -1 -1 -1 -1 -1 -1 -1 -1 -1 -1 -1 -1 -1 -1 -1 -1 -1 -1 -1 -1 -1 -1 -1 -1 -1 -1 -1 -1 -1 -1 -1 -1 -1 -1 -1 -1 -1 -1 -1 -1 -1 -1 -1 -1 -1 -1 -1 -1 -1 -1 -1 -1 -1 -1 -1 -1 -1 -1 -1 -1 -1 -1 -1 -1 -1 -1 -1 -1 -1 -1 -1 -1 -1 -1 -1 -1 -1 -1 -1 -1 -1 -1 -1 -1 -1 -1 -1 -1 -1 -1 -1 -1 -1 -1 -1 -1 -1 -1 -1 -1 -1 -1 -1 -1 -1 -1 -1 -1 -1 -1 -1 -1 -1 -1 -1 -1 -1 -1 -1 -1 -1 -1 -1 -1 -1 -1 -1 -1 -1 -1 -1 -1 -1 -1 -1 -1 -1 -1 -1 -1 -1 -1 -1 -1 -1 -1 -1 -1 -1 -1 -1 -1 -1 -1 -1 -1 -1 -1 -1 -1 -1 -1 -1 -1 -1 -1 -1 -1 -1 -1 -1 -1 -1 -1 -1 -1 -1 -1 -1 -1 -1
45      4 6 8 -1 -1 7 -1 -1 -1 8 -1 -1 4 5 5 -1 5 -1 -1 -1 -1 5 -1 -1 -1 10 2 -1 -1 -1 -1 2 -1 3 6 7 10 2 -1 5 -1 -1 1 -1 12 -1 -1 -1 -1 -1 7 6 7 -1 -1 7 -1 -1 3 -1 3 8 6 -1 6 -1 -1 4 -1 3 -1 -1 -1 -1 -1 -1 3 -1 -1 7 5 4 -1 13 3 -1 -1 -1 3 -1 -1 -1 -1 -1 -1 5 -1 8 -1 -1 5 3 3 1 -1 7 -1 5 8 -1 -1 -1 -1 6 -1 -1 8 -1 6 -1 -1 -1 9 -1 -1 -1 -1 -1 20 -1 -1 9 22 -1 -1 -1 21 -1 -1 -1 -1 7 22 14 13 -1 -1 -1 9 20 8 -1 20 7 -1 13 6 -1 20 -1 -1 -1 14 6 -1 -1 -1 -1 -1 1 17 -1 7 12 12 8 -1 -1 -1 -1 -1 -1 -1 17 -1 24 -1 -1 15 -1 19 -1 19 24 16 -1 12 -1 -1 -1 -1 17 -1 10 -1 -1 -1 4 -1 -1 7 -1 21 -1 -1 -1 9 12 20 16 10 25 -1 -1 -1 17 -1 16 -1 3 12 -1 -1 -1 -1 -1 17 -1 13 -1 3 5 18 -1 19 -1 8 -1 -1 17 -1
46      -1 -1 -1 -1 -1 -1 -1 -1 -1 -1 -1 -1 -1 -1 -1 -1 -1 -1 -1 -1 -1 -1 -1 -1 -1 -1 -1 -1 -1 -1 -1 -1 -1 -1 -1 -1 -1 -1 -1 -1 -1 -1 -1 -1 -1 -1 -1 -1 -1 -1 -1 -1 -1 -1 -1 -1 -1 -1 -1 -1 -1 -1 -1 -1 -1 -1 -1 -1 -1 -1 -1 -1 -1 -1 -1 -1 -1 -1 -1 -1 -1 -1 -1 -1 -1 -1 -1 -1 -1 -1 -1 -1 -1 -1 -1 -1 -1 -1 -1 -1 -1 -1 -1 -1 -1 -1 -1 -1 -1 -1 -1 -1 -1 -1 -1 -1 -1 -1 -1 -1 -1 -1 -1 -1 -1 -1 -1 -1 -1 -1 -1 -1 -1 -1 -1 -1 -1 -1 -1 -1 -1 -1 -1 -1 -1 -1 -1 -1 -1 -1 -1 -1 -1 -1 -1 -1 -1 -1 -1 -1 -1 -1 -1 -1 -1 -1 -1 -1 -1 -1 -1 -1 -1 -1 -1 -1 -1 -1 -1 -1 -1 -1 -1 -1 -1 -1 -1 -1 -1 -1 -1 -1 -1 -1 -1 -1 -1 -1 -1 -1 -1 -1 -1 -1 -1 -1 -1 -1 -1 -1 -1 -1 -1 -1 -1 -1 -1 -1 -1 -1 -1 -1 -1 -1 -1 -1 -1 -1 -1 -1 -1 -1 -1 -1 -1 -1 -1 -1 -1 -1 -1 -1 -1 -1 -1 -1 -1 -1 -1 -1 -1
47      -1 -1 -1 -1 -1 -1 -1 -1 -1 -1 -1 -1 -1 -1 -1 -1 -1 -1 -1 -1 -1 -1 -1 -1 -1 -1 -1 -1 -1 -1 -1 -1 -1 -1 -1 -1 -1 -1 -1 -1 -1 -1 -1 -1 -1 -1 -1 -1 -1 -1 -1 -1 -1 -1 -1 -1 -1 -1 -1 -1 -1 -1 -1 -1 -1 -1 -1 -1 -1 -1 -1 -1 -1 -1 -1 -1 -1 -1 -1 -1 -1 -1 -1 -1 -1 -1 -1 -1 -1 -1 -1 -1 -1 -1 -1 -1 -1 -1 -1 -1 -1 -1 -1 -1 -1 -1 -1 -1 -1 -1 -1 -1 -1 -1 -1 -1 -1 -1 -1 -1 -1 -1 -1 -1 -1 -1 -1 -1 -1 -1 -1 -1 -1 -1 -1 -1 -1 -1 -1 -1 -1 -1 -1 -1 -1 -1 -1 -1 -1 -1 -1 -1 -1 -1 -1 -1 -1 -1 -1 -1 -1 -1 -1 -1 -1 -1 -1 -1 -1 -1 -1 -1 -1 -1 -1 -1 -1 -1 -1 -1 -1 -1 -1 -1 -1 -1 -1 -1 -1 -1 -1 -1 -1 -1 -1 -1 -1 -1 -1 -1 -1 -1 -1 -1 -1 -1 -1 -1 -1 -1 -1 -1 -1 -1 -1 -1 -1 -1 -1 -1 -1 -1 -1 -1 -1 -1 -1 -1 -1 -1 -1 -1 -1 -1 -1 -1 -1 -1 -1 -1 -1 -1 -1 -1 -1 -1 -1 -1 -1 -1 -1
48      8 6 6 -1 -1 11 -1 -1 -1 7 -1 -1 4 5 10 -1 6 -1 -1 -1 -1 6 -1 -1 -1 8 3 -1 -1 -1 -1 3 -1 2 8 10 8 5 -1 4 -1 -1 2 -1 11 -1 -1 -1 -1 -1 8 6 6 -1 -1 8 -1 -1 6 -1 5 8 7 -1 11 -1 -1 6 -1 3 -1 -1 -1 -1 -1 -1 3 -1 -1 10 6 7 -1 7 1 -1 -1 -1 3 -1 -1 -1 -1 -1 -1 5 -1 7 -1 -1 4 2 3 1 -1 5 -1 8 8 -1 -1 -1 -1 7 -1 -1 10 -1 6 -1 -1 -1 7 -1 -1 -1 -1 -1 20 -1 -1 9 19 -1 -1 -1 23 -1 -1 -1 -1 6 19 14 13 -1 -1 -1 10 19 8 -1 18 6 -1 13 6 -1 20 -1 -1 -1 14 3 -1 -1 -1 -1 -1 2 17 -1 10 10 12 10 -1 -1 -1 -1 -1 -1 -1 13 -1 24 -1 -1 16 -1 19 -1 18 22 16 -1 12 -1 -1 -1 -1 17 -1 9 -1 -1 -1 3 -1 -1 8 -1 19 -1 -1 -1 10 12 19 15 7 22 -1 -1 -1 18 -1 16 -1 2 12 -1 -1 -1 -1 -1 20 -1 13 -1 3 6 17 -1 17 -1 11 -1 -1 15 -1
49      -1 -1 -1 -1 -1 -1 -1 -1 -1 -1 -1 -1 -1 -1 -1 -1 -1 -1 -1 -1 -1 -1 -1 -1 -1 -1 -1 -1 -1 -1 -1 -1 -1 -1 -1 -1 -1 -1 -1 -1 -1 -1 -1 -1 -1 -1 -1 -1 -1 -1 -1 -1 -1 -1 -1 -1 -1 -1 -1 -1 -1 -1 -1 -1 -1 -1 -1 -1 -1 -1 -1 -1 -1 -1 -1 -1 -1 -1 -1 -1 -1 -1 -1 -1 -1 -1 -1 -1 -1 -1 -1 -1 -1 -1 -1 -1 -1 -1 -1 -1 -1 -1 -1 -1 -1 -1 -1 -1 -1 -1 -1 -1 -1 -1 -1 -1 -1 -1 -1 -1 -1 -1 -1 -1 -1 -1 -1 -1 -1 -1 -1 -1 -1 -1 -1 -1 -1 -1 -1 -1 -1 -1 -1 -1 -1 -1 -1 -1 -1 -1 -1 -1 -1 -1 -1 -1 -1 -1 -1 -1 -1 -1 -1 -1 -1 -1 -1 -1 -1 -1 -1 -1 -1 -1 -1 -1 -1 -1 -1 -1 -1 -1 -1 -1 -1 -1 -1 -1 -1 -1 -1 -1 -1 -1 -1 -1 -1 -1 -1 -1 -1 -1 -1 -1 -1 -1 -1 -1 -1 -1 -1 -1 -1 -1 -1 -1 -1 -1 -1 -1 -1 -1 -1 -1 -1 -1 -1 -1 -1 -1 -1 -1 -1 -1 -1 -1 -1 -1 -1 -1 -1 -1 -1 -1 -1 -1 -1 -1 -1 -1 -1
50      5 -1 6 6 -1 10 3 -1 2 -1 -1 5 -1 6 7 -1 6 9 5 -1 -1 -1 11 3 5 -1 -1 -1 -1 -1 -1 -1 -1 -1 -1 -1 -1 -1 -1 5 -1 6 -1 5 12 -1 -1 -1 -1 -1 -1 -1 -1 -1 -1 -1 5 10 -1 -1 -1 7 -1 5 7 -1 -1 -1 5 -1 13 -1 -1 6 4 -1 -1 7 6 10 -1 -1 5 -1 -1 -1 -1 -1 -1 -1 4 -1 -1 7 4 6 4 6 4 4 -1 1 4 -1 6 -1 7 5 -1 3 -1 2 9 -1 -1 -1 9 7 -1 -1 6 8 9 10 -1 -1 -1 9 -1 -1 22 5 22 20 -1 17 -1 6 -1 16 7 -1 19 -1 -1 24 3 -1 8 -1 -1 -1 -1 5 8 -1 10 10 -1 -1 19 15 18 3 -1 -1 -1 -1 -1 -1 -1 -1 10 13 -1 -1 -1 -1 -1 -1 -1 7 -1 -1 -1 -1 2 7 12 9 -1 -1 -1 -1 14 -1 -1 -1 -1 15 -1 19 -1 -1 17 -1 -1 2 11 16 5 -1 -1 -1 10 -1 11 13 -1 14 9 -1 18 -1 -1 -1 24 18 10 2 12 3 18 16 19 11 -1 10 14 -1 -1 -1 17 17 18 -1 -1 -1 19 -1 14
51      -1 -1 -1 -1 -1 -1 -1 -1 -1 -1 -1 -1 -1 -1 -1 -1 -1 -1 -1 -1 -1 -1 -1 -1 -1 -1 -1 -1 -1 -1 -1 -1 -1 -1 -1 -1 -1 -1 -1 -1 -1 -1 -1 -1 -1 -1 -1 -1 -1 -1 -1 -1 -1 -1 -1 -1 -1 -1 -1 -1 -1 -1 -1 -1 -1 -1 -1 -1 -1 -1 -1 -1 -1 -1 -1 -1 -1 -1 -1 -1 -1 -1 -1 -1 -1 -1 -1 -1 -1 -1 -1 -1 -1 -1 -1 -1 -1 -1 -1 -1 -1 -1 -1 -1 -1 -1 -1 -1 -1 -1 -1 -1 -1 -1 -1 -1 -1 -1 -1 -1 -1 -1 -1 -1 -1 -1 -1 -1 -1 -1 -1 -1 -1 -1 -1 -1 -1 -1 -1 -1 -1 -1 -1 -1 -1 -1 -1 -1 -1 -1 -1 -1 -1 -1 -1 -1 -1 -1 -1 -1 -1 -1 -1 -1 -1 -1 -1 -1 -1 -1 -1 -1 -1 -1 -1 -1 -1 -1 -1 -1 -1 -1 -1 -1 -1 -1 -1 -1 -1 -1 -1 -1 -1 -1 -1 -1 -1 -1 -1 -1 -1 -1 -1 -1 -1 -1 -1 -1 -1 -1 -1 -1 -1 -1 -1 -1 -1 -1 -1 -1 -1 -1 -1 -1 -1 -1 -1 -1 -1 -1 -1 -1 -1 -1 -1 -1 -1 -1 -1 -1 -1 -1 -1 -1 -1 -1 -1 -1 -1 -1 -1
52      8 -1 11 7 -1 9 3 -1 3 -1 -1 4 -1 8 10 -1 6 6 4 -1 -1 -1 11 6 7 -1 -1 -1 -1 -1 -1 -1 -1 -1 -1 -1 -1 -1 -1 4 -1 6 -1 5 9 -1 -1 -1 -1 -1 -1 -1 -1 -1 -1 -1 10 10 -1 -1 -1 8 -1 4 7 -1 -1 -1 6 -1 7 -1 -1 9 7 -1 -1 5 7 7 -1 -1 6 -1 -1 -1 -1 -1 -1 -1 9 -1 -1 4 5 3 4 7 5 4 -1 2 5 -1 6 -1 7 9 -1 2 -1 4 2 -1 -1 -1 7 7 -1 -1 6 6 5 13 -1 -1 -1 11 -1 -1 21 8 20 20 -1 15 -1 5 -1 20 5 -1 19 -1 -1 24 7 -1 8 -1 -1 -1 -1 8 10 -1 11 11 -1 -1 21 11 17 5 -1 -1 -1 -1 -1 -1 -1 -1 9 12 -1 -1 -1 -1 -1 -1 -1 8 -1 -1 -1 -1 7 7 19 8 -1 -1 -1 -1 16 -1 -1 -1 -1 17 -1 18 -1 -1 14 -1 -1 7 10 17 6 -1 -1 -1 9 -1 9 14 -1 16 8 -1 14 -1 -1 -1 20 20 8 2 13 1 18 15 19 11 -1 4 13 -1 -1 -1 18 17 20 -1 -1 -1 17 -1 14
53      -1 -1 -1 -1 -1 -1 -1 -1 -1 -1 -1 -1 -1 -1 -1 -1 -1 -1 -1 -1 -1 -1 -1 -1 -1 -1 -1 -1 -1 -1 -1 -1 -1 -1 -1 -1 -1 -1 -1 -1 -1 -1 -1 -1 -1 -1 -1 -1 -1 -1 -1 -1 -1 -1 -1 -1 -1 -1 -1 -1 -1 -1 -1 -1 -1 -1 -1 -1 -1 -1 -1 -1 -1 -1 -1 -1 -1 -1 -1 -1 -1 -1 -1 -1 -1 -1 -1 -1 -1 -1 -1 -1 -1 -1 -1 -1 -1 -1 -1 -1 -1 -1 -1 -1 -1 -1 -1 -1 -1 -1 -1 -1 -1 -1 -1 -1 -1 -1 -1 -1 -1 -1 -1 -1 -1 -1 -1 -1 -1 -1 -1 -1 -1 -1 -1 -1 -1 -1 -1 -1 -1 -1 -1 -1 -1 -1 -1 -1 -1 -1 -1 -1 -1 -1 -1 -1 -1 -1 -1 -1 -1 -1 -1 -1 -1 -1 -1 -1 -1 -1 -1 -1 -1 -1 -1 -1 -1 -1 -1 -1 -1 -1 -1 -1 -1 -1 -1 -1 -1 -1 -1 -1 -1 -1 -1 -1 -1 -1 -1 -1 -1 -1 -1 -1 -1 -1 -1 -1 -1 -1 -1 -1 -1 -1 -1 -1 -1 -1 -1 -1 -1 -1 -1 -1 -1 -1 -1 -1 -1 -1 -1 -1 -1 -1 -1 -1 -1 -1 -1 -1 -1 -1 -1 -1 -1 -1 -1 -1 -1 -1 -1
54      -1 -1 -1 -1 -1 -1 -1 -1 -1 -1 -1 -1 -1 -1 -1 -1 -1 -1 -1 -1 -1 -1 -1 -1 -1 -1 -1 -1 -1 -1 -1 -1 -1 -1 -1 -1 -1 -1 -1 -1 -1 -1 -1 -1 -1 -1 -1 -1 -1 -1 -1 -1 -1 -1 -1 -1 -1 -1 -1 -1 -1 -1 -1 -1 -1 -1 -1 -1 -1 -1 -1 -1 -1 -1 -1 -1 -1 -1 -1 -1 -1 -1 -1 -1 -1 -1 -1 -1 -1 -1 -1 -1 -1 -1 -1 -1 -1 -1 -1 -1 -1 -1 -1 -1 -1 -1 -1 -1 -1 -1 -1 -1 -1 -1 -1 -1 -1 -1 -1 -1 -1 -1 -1 -1 -1 -1 -1 -1 -1 -1 -1 -1 -1 -1 -1 -1 -1 -1 -1 -1 -1 -1 -1 -1 -1 -1 -1 -1 -1 -1 -1 -1 -1 -1 -1 -1 -1 -1 -1 -1 -1 -1 -1 -1 -1 -1 -1 -1 -1 -1 -1 -1 -1 -1 -1 -1 -1 -1 -1 -1 -1 -1 -1 -1 -1 -1 -1 -1 -1 -1 -1 -1 -1 -1 -1 -1 -1 -1 -1 -1 -1 -1 -1 -1 -1 -1 -1 -1 -1 -1 -1 -1 -1 -1 -1 -1 -1 -1 -1 -1 -1 -1 -1 -1 -1 -1 -1 -1 -1 -1 -1 -1 -1 -1 -1 -1 -1 -1 -1 -1 -1 -1 -1 -1 -1 -1 -1 -1 -1 -1 -1
55      -1 -1 -1 -1 -1 -1 -1 -1 -1 -1 -1 -1 -1 -1 -1 -1 -1 -1 -1 -1 -1 -1 -1 -1 -1 -1 -1 -1 -1 -1 -1 -1 -1 -1 -1 -1 -1 -1 -1 -1 -1 -1 -1 -1 -1 -1 -1 -1 -1 -1 -1 -1 -1 -1 -1 -1 -1 -1 -1 -1 -1 -1 -1 -1 -1 -1 -1 -1 -1 -1 -1 -1 -1 -1 -1 -1 -1 -1 -1 -1 -1 -1 -1 -1 -1 -1 -1 -1 -1 -1 -1 -1 -1 -1 -1 -1 -1 -1 -1 -1 -1 -1 -1 -1 -1 -1 -1 -1 -1 -1 -1 -1 -1 -1 -1 -1 -1 -1 -1 -1 -1 -1 -1 -1 -1 -1 -1 -1 -1 -1 -1 -1 -1 -1 -1 -1 -1 -1 -1 -1 -1 -1 -1 -1 -1 -1 -1 -1 -1 -1 -1 -1 -1 -1 -1 -1 -1 -1 -1 -1 -1 -1 -1 -1 -1 -1 -1 -1 -1 -1 -1 -1 -1 -1 -1 -1 -1 -1 -1 -1 -1 -1 -1 -1 -1 -1 -1 -1 -1 -1 -1 -1 -1 -1 -1 -1 -1 -1 -1 -1 -1 -1 -1 -1 -1 -1 -1 -1 -1 -1 -1 -1 -1 -1 -1 -1 -1 -1 -1 -1 -1 -1 -1 -1 -1 -1 -1 -1 -1 -1 -1 -1 -1 -1 -1 -1 -1 -1 -1 -1 -1 -1 -1 -1 -1 -1 -1 -1 -1 -1 -1
56      -1 -1 -1 -1 -1 -1 -1 -1 -1 -1 -1 -1 -1 -1 -1 -1 -1 -1 -1 -1 -1 -1 -1 -1 -1 -1 -1 -1 -1 -1 -1 -1 -1 -1 -1 -1 -1 -1 -1 -1 -1 -1 -1 -1 -1 -1 -1 -1 -1 -1 -1 -1 -1 -1 -1 -1 -1 -1 -1 -1 -1 -1 -1 -1 -1 -1 -1 -1 -1 -1 -1 -1 -1 -1 -1 -1 -1 -1 -1 -1 -1 -1 -1 -1 -1 -1 -1 -1 -1 -1 -1 -1 -1 -1 -1 -1 -1 -1 -1 -1 -1 -1 -1 -1 -1 -1 -1 -1 -1 -1 -1 -1 -1 -1 -1 -1 -1 -1 -1 -1 -1 -1 -1 -1 -1 -1 -1 -1 -1 -1 -1 -1 -1 -1 -1 -1 -1 -1 -1 -1 -1 -1 -1 -1 -1 -1 -1 -1 -1 -1 -1 -1 -1 -1 -1 -1 -1 -1 -1 -1 -1 -1 -1 -1 -1 -1 -1 -1 -1 -1 -1 -1 -1 -1 -1 -1 -1 -1 -1 -1 -1 -1 -1 -1 -1 -1 -1 -1 -1 -1 -1 -1 -1 -1 -1 -1 -1 -1 -1 -1 -1 -1 -1 -1 -1 -1 -1 -1 -1 -1 -1 -1 -1 -1 -1 -1 -1 -1 -1 -1 -1 -1 -1 -1 -1 -1 -1 -1 -1 -1 -1 -1 -1 -1 -1 -1 -1 -1 -1 -1 -1 -1 -1 -1 -1 -1 -1 -1 -1 -1 -1
57      -1 -1 -1 -1 -1 -1 -1 -1 -1 -1 -1 -1 -1 -1 -1 -1 -1 -1 -1 -1 -1 -1 -1 -1 -1 -1 -1 -1 -1 -1 -1 -1 -1 -1 -1 -1 -1 -1 -1 -1 -1 -1 -1 -1 -1 -1 -1 -1 -1 -1 -1 -1 -1 -1 -1 -1 -1 -1 -1 -1 -1 -1 -1 -1 -1 -1 -1 -1 -1 -1 -1 -1 -1 -1 -1 -1 -1 -1 -1 -1 -1 -1 -1 -1 -1 -1 -1 -1 -1 -1 -1 -1 -1 -1 -1 -1 -1 -1 -1 -1 -1 -1 -1 -1 -1 -1 -1 -1 -1 -1 -1 -1 -1 -1 -1 -1 -1 -1 -1 -1 -1 -1 -1 -1 -1 -1 -1 -1 -1 -1 -1 -1 -1 -1 -1 -1 -1 -1 -1 -1 -1 -1 -1 -1 -1 -1 -1 -1 -1 -1 -1 -1 -1 -1 -1 -1 -1 -1 -1 -1 -1 -1 -1 -1 -1 -1 -1 -1 -1 -1 -1 -1 -1 -1 -1 -1 -1 -1 -1 -1 -1 -1 -1 -1 -1 -1 -1 -1 -1 -1 -1 -1 -1 -1 -1 -1 -1 -1 -1 -1 -1 -1 -1 -1 -1 -1 -1 -1 -1 -1 -1 -1 -1 -1 -1 -1 -1 -1 -1 -1 -1 -1 -1 -1 -1 -1 -1 -1 -1 -1 -1 -1 -1 -1 -1 -1 -1 -1 -1 -1 -1 -1 -1 -1 -1 -1 -1 -1 -1 -1 -1
58      -1 -1 -1 -1 -1 -1 -1 -1 -1 -1 -1 -1 -1 -1 -1 -1 -1 -1 -1 -1 -1 -1 -1 -1 -1 -1 -1 -1 -1 -1 -1 -1 -1 -1 -1 -1 -1 -1 -1 -1 -1 -1 -1 -1 -1 -1 -1 -1 -1 -1 -1 -1 -1 -1 -1 -1 -1 -1 -1 -1 -1 -1 -1 -1 -1 -1 -1 -1 -1 -1 -1 -1 -1 -1 -1 -1 -1 -1 -1 -1 -1 -1 -1 -1 -1 -1 -1 -1 -1 -1 -1 -1 -1 -1 -1 -1 -1 -1 -1 -1 -1 -1 -1 -1 -1 -1 -1 -1 -1 -1 -1 -1 -1 -1 -1 -1 -1 -1 -1 -1 -1 -1 -1 -1 -1 -1 -1 -1 -1 -1 -1 -1 -1 -1 -1 -1 -1 -1 -1 -1 -1 -1 -1 -1 -1 -1 -1 -1 -1 -1 -1 -1 -1 -1 -1 -1 -1 -1 -1 -1 -1 -1 -1 -1 -1 -1 -1 -1 -1 -1 -1 -1 -1 -1 -1 -1 -1 -1 -1 -1 -1 -1 -1 -1 -1 -1 -1 -1 -1 -1 -1 -1 -1 -1 -1 -1 -1 -1 -1 -1 -1 -1 -1 -1 -1 -1 -1 -1 -1 -1 -1 -1 -1 -1 -1 -1 -1 -1 -1 -1 -1 -1 -1 -1 -1 -1 -1 -1 -1 -1 -1 -1 -1 -1 -1 -1 -1 -1 -1 -1 -1 -1 -1 -1 -1 -1 -1 -1 -1 -1 -1
59      -1 -1 -1 -1 -1 -1 -1 -1 -1 -1 -1 -1 -1 -1 -1 -1 -1 -1 -1 -1 -1 -1 -1 -1 -1 -1 -1 -1 -1 -1 -1 -1 -1 -1 -1 -1 -1 -1 -1 -1 -1 -1 -1 -1 -1 -1 -1 -1 -1 -1 -1 -1 -1 -1 -1 -1 -1 -1 -1 -1 -1 -1 -1 -1 -1 -1 -1 -1 -1 -1 -1 -1 -1 -1 -1 -1 -1 -1 -1 -1 -1 -1 -1 -1 -1 -1 -1 -1 -1 -1 -1 -1 -1 -1 -1 -1 -1 -1 -1 -1 -1 -1 -1 -1 -1 -1 -1 -1 -1 -1 -1 -1 -1 -1 -1 -1 -1 -1 -1 -1 -1 -1 -1 -1 -1 -1 -1 -1 -1 -1 -1 -1 -1 -1 -1 -1 -1 -1 -1 -1 -1 -1 -1 -1 -1 -1 -1 -1 -1 -1 -1 -1 -1 -1 -1 -1 -1 -1 -1 -1 -1 -1 -1 -1 -1 -1 -1 -1 -1 -1 -1 -1 -1 -1 -1 -1 -1 -1 -1 -1 -1 -1 -1 -1 -1 -1 -1 -1 -1 -1 -1 -1 -1 -1 -1 -1 -1 -1 -1 -1 -1 -1 -1 -1 -1 -1 -1 -1 -1 -1 -1 -1 -1 -1 -1 -1 -1 -1 -1 -1 -1 -1 -1 -1 -1 -1 -1 -1 -1 -1 -1 -1 -1 -1 -1 -1 -1 -1 -1 -1 -1 -1 -1 -1 -1 -1 -1 -1 -1 -1 -1
60      -1 -1 -1 -1 -1 -1 -1 -1 -1 -1 -1 -1 -1 -1 -1 -1 -1 -1 -1 -1 -1 -1 -1 -1 -1 -1 -1 -1 -1 -1 -1 -1 -1 -1 -1 -1 -1 -1 -1 -1 -1 -1 -1 -1 -1 -1 -1 -1 -1 -1 -1 -1 -1 -1 -1 -1 -1 -1 -1 -1 -1 -1 -1 -1 -1 -1 -1 -1 -1 -1 -1 -1 -1 -1 -1 -1 -1 -1 -1 -1 -1 -1 -1 -1 -1 -1 -1 -1 -1 -1 -1 -1 -1 -1 -1 -1 -1 -1 -1 -1 -1 -1 -1 -1 -1 -1 -1 -1 -1 -1 -1 -1 -1 -1 -1 -1 -1 -1 -1 -1 -1 -1 -1 -1 -1 -1 -1 -1 -1 -1 -1 -1 -1 -1 -1 -1 -1 -1 -1 -1 -1 -1 -1 -1 -1 -1 -1 -1 -1 -1 -1 -1 -1 -1 -1 -1 -1 -1 -1 -1 -1 -1 -1 -1 -1 -1 -1 -1 -1 -1 -1 -1 -1 -1 -1 -1 -1 -1 -1 -1 -1 -1 -1 -1 -1 -1 -1 -1 -1 -1 -1 -1 -1 -1 -1 -1 -1 -1 -1 -1 -1 -1 -1 -1 -1 -1 -1 -1 -1 -1 -1 -1 -1 -1 -1 -1 -1 -1 -1 -1 -1 -1 -1 -1 -1 -1 -1 -1 -1 -1 -1 -1 -1 -1 -1 -1 -1 -1 -1 -1 -1 -1 -1 -1 -1 -1 -1 -1 -1 -1 -1
